massa
t,x,y,r,θ
0.000000000E0,-2.163128642E-1,-2.540489810E-1,3.336647119E-1,-1.304131075E2
8.333333333E-3,-2.156638427E-1,-2.545533537E-1,3.336289900E-1,-1.302720888E2
1.666666667E-2,-2.145455561E-1,-2.552788170E-1,3.334622469E-1,-1.300449089E2
2.500000000E-2,-2.143033530E-1,-2.558306365E-1,3.337292940E-1,-1.299521225E2
3.333333333E-2,-2.135053622E-1,-2.570739419E-1,3.341729362E-1,-1.297103507E2
4.166666667E-2,-2.108789443E-1,-2.576495897E-1,3.329463023E-1,-1.292993606E2
5.000000000E-2,-2.064970043E-1,-2.593466701E-1,3.315142652E-1,-1.285275046E2
5.833333333E-2,-2.041502346E-1,-2.600241363E-1,3.305901840E-1,-1.281361790E2
6.666666667E-2,-2.013866560E-1,-2.629567569E-1,3.312141923E-1,-1.274468662E2
7.500000000E-2,-1.988450491E-1,-2.630516905E-1,3.297507323E-1,-1.270862272E2
8.333333333E-2,-1.961902428E-1,-2.640951421E-1,3.289937012E-1,-1.266078130E2
9.166666667E-2,-1.927322294E-1,-2.660441352E-1,3.285197013E-1,-1.259209644E2
1.000000000E-1,-1.887165493E-1,-2.674862192E-1,3.273573177E-1,-1.252036868E2
1.083333333E-1,-1.847464899E-1,-2.688646088E-1,3.262199310E-1,-1.244943497E2
1.166666667E-1,-1.805093158E-1,-2.706423382E-1,3.253165971E-1,-1.237019508E2
1.250000000E-1,-1.761329245E-1,-2.727346852E-1,3.246644662E-1,-1.228545024E2
1.333333333E-1,-1.708860561E-1,-2.746985032E-1,3.235140056E-1,-1.218851593E2
1.416666667E-1,-1.652306348E-1,-2.774847168E-1,3.229534498E-1,-1.207720434E2
1.500000000E-1,-1.581805131E-1,-2.783129306E-1,3.201236669E-1,-1.196119461E2
1.583333333E-1,-1.539032513E-1,-2.792880848E-1,3.188856301E-1,-1.188572060E2
1.666666667E-1,-1.476827094E-1,-2.805921881E-1,3.170838354E-1,-1.177589580E2
1.750000000E-1,-1.415195847E-1,-2.833467148E-1,3.167225184E-1,-1.165401702E2
1.833333333E-1,-1.356257583E-1,-2.843438973E-1,3.150330113E-1,-1.155001110E2
1.916666667E-1,-1.289125793E-1,-2.847095410E-1,3.125347594E-1,-1.143603662E2
2.000000000E-1,-1.221051606E-1,-2.861162383E-1,3.110822594E-1,-1.131112225E2
2.083333333E-1,-1.153995911E-1,-2.861750605E-1,3.085664124E-1,-1.119616699E2
2.166666667E-1,-1.086021825E-1,-2.870965291E-1,3.069508936E-1,-1.107205071E2
2.250000000E-1,-1.025502079E-1,-2.873968954E-1,3.051450812E-1,-1.096376372E2
2.333333333E-1,-9.663855498E-2,-2.879543292E-1,3.037378903E-1,-1.085519461E2
2.416666667E-1,-8.928541688E-2,-2.887113063E-1,3.022020914E-1,-1.071844854E2
2.500000000E-1,-8.080151627E-2,-2.882754187E-1,2.993853738E-1,-1.056578004E2
2.583333333E-1,-7.372722642E-2,-2.880911852E-1,2.973755788E-1,-1.043548351E2
2.666666667E-1,-6.738023422E-2,-2.882372540E-1,2.960081259E-1,-1.031575610E2
2.750000000E-1,-6.131893703E-2,-2.880366098E-1,2.944912573E-1,-1.020180536E2
2.833333333E-1,-5.419912909E-2,-2.873492017E-1,2.924159868E-1,-1.006815041E2
2.916666667E-1,-4.734562172E-2,-2.862695352E-1,2.901583269E-1,-9.939104009E1
3.000000000E-1,-3.996997134E-2,-2.876149237E-1,2.903789644E-1,-9.791174653E1
3.083333333E-1,-3.198188272E-2,-2.856894701E-1,2.874740234E-1,-9.638745734E1
3.166666667E-1,-2.774146815E-2,-2.835445491E-1,2.848984036E-1,-9.558792738E1
3.250000000E-1,-2.126391254E-2,-2.826706150E-1,2.834692762E-1,-9.430197568E1
3.333333333E-1,-1.571032238E-2,-2.807315890E-1,2.811708365E-1,-9.320304981E1
3.416666667E-1,-9.026905695E-3,-2.796285023E-1,2.797741667E-1,-9.184896763E1
3.500000000E-1,-3.964141006E-3,-2.775388108E-1,2.775671197E-1,-9.081831116E1
3.583333333E-1,1.854907289E-3,-2.767039611E-1,2.767101783E-1,-8.961591888E1
3.666666667E-1,7.382896727E-3,-2.750354874E-1,2.751345607E-1,-8.846235383E1
3.750000000E-1,1.225618879E-2,-2.738969380E-1,2.741710174E-1,-8.743786930E1
3.833333333E-1,1.696305273E-2,-2.720416038E-1,2.725699531E-1,-8.643196255E1
3.916666667E-1,2.156689483E-2,-2.701186665E-1,2.709782739E-1,-8.543505710E1
4.000000000E-1,2.551960015E-2,-2.687594406E-1,2.699683072E-1,-8.457583837E1
4.083333333E-1,2.938217760E-2,-2.676696154E-1,2.692774320E-1,-8.373570457E1
4.166666667E-1,3.309793492E-2,-2.653754408E-1,2.674314826E-1,-8.289071431E1
4.250000000E-1,3.644751680E-2,-2.633795470E-1,2.658894644E-1,-8.212121945E1
4.333333333E-1,3.868771932E-2,-2.620061592E-1,2.648470636E-1,-8.160042464E1
4.416666667E-1,4.231076939E-2,-2.598637953E-1,2.632857636E-1,-8.075230621E1
4.500000000E-1,4.467838344E-2,-2.586326864E-1,2.624633773E-1,-8.019897576E1
4.583333333E-1,4.660849359E-2,-2.590495176E-1,2.632090504E-1,-7.980040094E1
4.666666667E-1,4.860838232E-2,-2.570159775E-1,2.615721459E-1,-7.929037700E1
4.750000000E-1,4.975781770E-2,-2.563167440E-1,2.611017305E-1,-7.901402519E1
4.833333333E-1,5.102658344E-2,-2.548932097E-1,2.599504964E-1,-7.867970592E1
4.916666667E-1,5.198464421E-2,-2.549396933E-1,2.601857998E-1,-7.847484374E1
5.000000000E-1,5.215087209E-2,-2.550005521E-1,2.602786872E-1,-7.844166609E1
5.083333333E-1,5.277822161E-2,-2.549067721E-1,2.603132788E-1,-7.830224866E1
5.166666667E-1,5.267365261E-2,-2.554858516E-1,2.608592227E-1,-7.835052717E1
5.250000000E-1,5.257817726E-2,-2.552702917E-1,2.606288291E-1,-7.836151505E1
5.333333333E-1,5.226765517E-2,-2.552991640E-1,2.605946487E-1,-7.842966509E1
5.416666667E-1,5.080138366E-2,-2.552924092E-1,2.602978963E-1,-7.874556004E1
5.500000000E-1,5.062863486E-2,-2.551656839E-1,2.601399333E-1,-7.877742895E1
5.583333333E-1,4.848765991E-2,-2.569014491E-1,2.614371965E-1,-7.931170899E1
5.666666667E-1,4.672081236E-2,-2.584501704E-1,2.626391534E-1,-7.975313244E1
5.750000000E-1,4.463272250E-2,-2.596286658E-1,2.634371349E-1,-8.024563614E1
5.833333333E-1,4.219556163E-2,-2.605475782E-1,2.639422397E-1,-8.080084381E1
5.916666667E-1,3.887176837E-2,-2.612296820E-1,2.641059657E-1,-8.153631831E1
6.000000000E-1,3.583887985E-2,-2.631623630E-1,2.655915183E-1,-8.224485823E1
6.083333333E-1,3.219580992E-2,-2.648434003E-1,2.667931724E-1,-8.306882201E1
6.166666667E-1,2.847024578E-2,-2.663883265E-1,2.679053852E-1,-8.389967118E1
6.250000000E-1,2.490321779E-2,-2.685766279E-1,2.697287068E-1,-8.470251333E1
6.333333333E-1,2.096653877E-2,-2.702619331E-1,2.710739904E-1,-8.556395952E1
6.416666667E-1,1.600465148E-2,-2.724276500E-1,2.728973678E-1,-8.663783688E1
6.500000000E-1,1.100078800E-2,-2.737891204E-1,2.740100359E-1,-8.769910556E1
6.583333333E-1,5.417193893E-3,-2.759953432E-1,2.760485021E-1,-8.887555169E1
6.666666667E-1,-4.471565804E-4,-2.778626300E-1,2.778629898E-1,-9.009220442E1
6.750000000E-1,-4.286668214E-3,-2.801866866E-1,2.802194762E-1,-9.087651858E1
6.833333333E-1,-1.077601103E-2,-2.816580712E-1,2.818641366E-1,-9.219102176E1
6.916666667E-1,-1.616871988E-2,-2.824859789E-1,2.829483270E-1,-9.327587846E1
7.000000000E-1,-2.223707566E-2,-2.829253831E-1,2.837979210E-1,-9.449403547E1
7.083333333E-1,-2.891765678E-2,-2.849198790E-1,2.863836034E-1,-9.579533263E1
7.166666667E-1,-3.394661767E-2,-2.854410035E-1,2.874524993E-1,-9.678215523E1
7.250000000E-1,-4.256385282E-2,-2.863773573E-1,2.895231810E-1,-9.845390129E1
7.333333333E-1,-4.827473684E-2,-2.864224432E-1,2.904621597E-1,-9.956693718E1
7.416666667E-1,-5.584639886E-2,-2.880801132E-1,2.934433027E-1,-1.009711154E2
7.500000000E-1,-6.304451744E-2,-2.893256486E-1,2.961147449E-1,-1.022926883E2
7.583333333E-1,-6.987586901E-2,-2.901863493E-1,2.984807437E-1,-1.035388783E2
7.666666667E-1,-7.773525075E-2,-2.884429943E-1,2.987342133E-1,-1.050828452E2
7.750000000E-1,-8.403493949E-2,-2.893903289E-1,3.013447088E-1,-1.061925646E2
7.833333333E-1,-9.052482999E-2,-2.897671886E-1,3.035782739E-1,-1.073490857E2
7.916666667E-1,-9.804509534E-2,-2.888277965E-1,3.050153057E-1,-1.087502259E2
8.000000000E-1,-1.041211626E-1,-2.898143484E-1,3.079506016E-1,-1.097617638E2
8.083333333E-1,-1.100981535E-1,-2.879297509E-1,3.082614878E-1,-1.109257806E2
8.166666667E-1,-1.175780348E-1,-2.878162504E-1,3.109063980E-1,-1.122208843E2
8.250000000E-1,-1.254486707E-1,-2.865638062E-1,3.128197308E-1,-1.136422994E2
8.333333333E-1,-1.329146385E-1,-2.857414401E-1,3.151419866E-1,-1.149458246E2
8.416666667E-1,-1.392871803E-1,-2.842347304E-1,3.165285146E-1,-1.161068310E2
8.500000000E-1,-1.447664440E-1,-2.824828003E-1,3.174174787E-1,-1.171341772E2
8.583333333E-1,-1.519818166E-1,-2.814447840E-1,3.198587798E-1,-1.183693037E2
8.666666667E-1,-1.585187517E-1,-2.797611071E-1,3.215501076E-1,-1.195368379E2
8.750000000E-1,-1.634924315E-1,-2.781070166E-1,3.226039179E-1,-1.204502472E2
8.833333333E-1,-1.691310921E-1,-2.763158512E-1,3.239687885E-1,-1.214705228E2
8.916666667E-1,-1.736066976E-1,-2.749050956E-1,3.251339678E-1,-1.222730260E2
9.000000000E-1,-1.783896613E-1,-2.731117317E-1,3.262098853E-1,-1.231515516E2
9.083333333E-1,-1.825294029E-1,-2.711500294E-1,3.268628480E-1,-1.239471607E2
9.166666667E-1,-1.865498597E-1,-2.679675632E-1,3.265079862E-1,-1.248443169E2
9.250000000E-1,-1.896333873E-1,-2.684192356E-1,3.286483039E-1,-1.252405219E2
9.333333333E-1,-1.936016241E-1,-2.661234014E-1,3.290945968E-1,-1.260354459E2
9.416666667E-1,-1.979410866E-1,-2.655532532E-1,3.312087016E-1,-1.267005259E2
9.500000000E-1,-2.005855964E-1,-2.637510864E-1,3.313596491E-1,-1.272533872E2
9.583333333E-1,-2.037632993E-1,-2.623747604E-1,3.322047517E-1,-1.278333302E2
9.666666667E-1,-2.064745962E-1,-2.614086418E-1,3.331159511E-1,-1.283035757E2
9.750000000E-1,-2.093257902E-1,-2.604904540E-1,3.341744500E-1,-1.287847789E2
9.833333333E-1,-2.110733838E-1,-2.605496511E-1,3.353178999E-1,-1.290112124E2
9.916666667E-1,-2.121139217E-1,-2.585980237E-1,3.344626341E-1,-1.293601698E2
1.000000000E0,-2.141906312E-1,-2.574584735E-1,3.349066916E-1,-1.297585075E2
1.008333333E0,-2.153078580E-1,-2.570567446E-1,3.353142461E-1,-1.299491652E2
1.016666667E0,-2.163090105E-1,-2.561627404E-1,3.352744213E-1,-1.301784254E2
1.025000000E0,-2.173322163E-1,-2.555284916E-1,3.354520864E-1,-1.303818451E2
1.033333333E0,-2.176971111E-1,-2.556074899E-1,3.357487470E-1,-1.304205444E2
1.041666667E0,-2.172094099E-1,-2.554473132E-1,3.353106882E-1,-1.303748472E2
1.050000000E0,-2.176637002E-1,-2.550928609E-1,3.353354352E-1,-1.304732116E2
1.058333333E0,-2.177086365E-1,-2.554156255E-1,3.356101788E-1,-1.304432807E2
1.066666667E0,-2.171985851E-1,-2.556808052E-1,3.354815934E-1,-1.303476069E2
1.075000000E0,-2.161425106E-1,-2.557747559E-1,3.348705878E-1,-1.301994882E2
1.083333333E0,-2.153592791E-1,-2.570286915E-1,3.353257630E-1,-1.299589786E2
1.091666667E0,-2.140393507E-1,-2.578522124E-1,3.351128274E-1,-1.296955694E2
1.100000000E0,-2.117848986E-1,-2.587512226E-1,3.343726042E-1,-1.292999306E2
1.108333333E0,-2.103450628E-1,-2.601503672E-1,3.345493372E-1,-1.289573360E2
1.116666667E0,-2.078374862E-1,-2.605730224E-1,3.333087468E-1,-1.285764597E2
1.125000000E0,-2.055528014E-1,-2.619440377E-1,3.329664143E-1,-1.281219965E2
1.133333333E0,-2.016616358E-1,-2.639039552E-1,3.321335769E-1,-1.273851756E2
1.141666667E0,-1.988072029E-1,-2.644764329E-1,3.308656638E-1,-1.269322217E2
1.150000000E0,-1.959757601E-1,-2.657843464E-1,3.302238897E-1,-1.264031618E2
1.158333333E0,-1.924874253E-1,-2.676325631E-1,3.296643713E-1,-1.257245471E2
1.166666667E0,-1.883986129E-1,-2.693055298E-1,3.286632102E-1,-1.249755595E2
1.175000000E0,-1.832602142E-1,-2.703672745E-1,3.266232833E-1,-1.241301856E2
1.183333333E0,-1.799039785E-1,-2.720669373E-1,3.261684532E-1,-1.234746293E2
1.191666667E0,-1.747402361E-1,-2.739570394E-1,3.249409324E-1,-1.225312822E2
1.200000000E0,-1.702459184E-1,-2.755486595E-1,3.238992690E-1,-1.217095717E2
1.208333333E0,-1.649699040E-1,-2.776430589E-1,3.229562468E-1,-1.207179272E2
1.216666667E0,-1.597798198E-1,-2.789832647E-1,3.214984491E-1,-1.198007110E2
1.225000000E0,-1.541579587E-1,-2.803587052E-1,3.199463702E-1,-1.188046225E2
1.233333333E0,-1.468909347E-1,-2.821143203E-1,3.180651449E-1,-1.175050356E2
1.241666667E0,-1.409125844E-1,-2.829030818E-1,3.160546000E-1,-1.164776616E2
1.250000000E0,-1.341608819E-1,-2.833655463E-1,3.135206135E-1,-1.153354567E2
1.258333333E0,-1.281315257E-1,-2.854801850E-1,3.129163209E-1,-1.141718825E2
1.266666667E0,-1.217801379E-1,-2.863996709E-1,3.112156382E-1,-1.130357052E2
1.275000000E0,-1.149764856E-1,-2.873456523E-1,3.094949371E-1,-1.118079798E2
1.283333333E0,-1.080474245E-1,-2.885180417E-1,3.080858749E-1,-1.105304754E2
1.291666667E0,-1.012492042E-1,-2.885829337E-1,3.058292186E-1,-1.093334004E2
1.300000000E0,-9.472580244E-2,-2.894850274E-1,3.045891639E-1,-1.081192229E2
1.308333333E0,-8.725936980E-2,-2.903288322E-1,3.031584213E-1,-1.067283387E2
1.316666667E0,-8.035383453E-2,-2.905166935E-1,3.014244315E-1,-1.054608794E2
1.325000000E0,-7.316025978E-2,-2.902069653E-1,2.992866625E-1,-1.041492607E2
1.333333333E0,-6.642963715E-2,-2.891440197E-1,2.966768627E-1,-1.029389334E2
1.341666667E0,-5.952682486E-2,-2.882579065E-1,2.943400474E-1,-1.016678781E2
1.350000000E0,-5.265001296E-2,-2.877372482E-1,2.925145259E-1,-1.003692417E2
1.358333333E0,-4.579976569E-2,-2.876561507E-1,2.912793840E-1,-9.904653198E1
1.366666667E0,-3.938178034E-2,-2.873204020E-1,2.900067897E-1,-9.780465487E1
1.375000000E0,-3.304317478E-2,-2.856510848E-1,2.875558965E-1,-9.659845943E1
1.383333333E0,-2.669499239E-2,-2.855415585E-1,2.867866877E-1,-9.534100030E1
1.391666667E0,-1.966418341E-2,-2.838675386E-1,2.845478159E-1,-9.396268526E1
1.400000000E0,-1.282078502E-2,-2.835068109E-1,2.837965545E-1,-9.258927373E1
1.408333333E0,-7.512016304E-3,-2.813027820E-1,2.814030660E-1,-9.152968470E1
1.416666667E0,-1.803105101E-3,-2.792162825E-1,2.792221044E-1,-9.036999589E1
1.425000000E0,3.319329316E-3,-2.768850037E-1,2.769048992E-1,-8.931316450E1
1.433333333E0,8.131748036E-3,-2.752581213E-1,2.753782102E-1,-8.830784513E1
1.441666667E0,1.275827610E-2,-2.732354260E-1,2.735331271E-1,-8.732661016E1
1.450000000E0,1.716491762E-2,-2.713081236E-1,2.718505699E-1,-8.637987886E1
1.458333333E0,2.201814569E-2,-2.689807856E-1,2.698804583E-1,-8.532033356E1
1.466666667E0,2.613013193E-2,-2.682111036E-1,2.694809453E-1,-8.443559053E1
1.475000000E0,2.980182752E-2,-2.668433896E-1,2.685024087E-1,-8.362745213E1
1.483333333E0,3.307601119E-2,-2.653944659E-1,2.674476492E-1,-8.289587939E1
1.491666667E0,3.629472120E-2,-2.637511220E-1,2.662366638E-1,-8.216475307E1
1.500000000E0,3.924094116E-2,-2.624949971E-1,2.654118968E-1,-8.149769395E1
1.508333333E0,4.166068857E-2,-2.616967990E-1,2.649921274E-1,-8.095472902E1
1.516666667E0,4.372533420E-2,-2.597370425E-1,2.633917920E-1,-8.044416194E1
1.525000000E0,4.596446671E-2,-2.589077139E-1,2.629561494E-1,-7.993303980E1
1.533333333E0,4.764985179E-2,-2.577958799E-1,2.621625909E-1,-7.952789077E1
1.541666667E0,4.885016880E-2,-2.571648431E-1,2.617634343E-1,-7.924443087E1
1.550000000E0,5.161616849E-2,-2.574320447E-1,2.625556826E-1,-7.866230085E1
1.558333333E0,5.019101526E-2,-2.552589907E-1,2.601466709E-1,-7.887596867E1
1.566666667E0,5.195505862E-2,-2.545808900E-1,2.598283235E-1,-7.846542797E1
1.575000000E0,5.120379160E-2,-2.552450981E-1,2.603303447E-1,-7.865666544E1
1.583333333E0,5.107522084E-2,-2.552802025E-1,2.603395090E-1,-7.868592827E1
1.591666667E0,5.062624745E-2,-2.556066946E-1,2.605720615E-1,-7.879681652E1
1.600000000E0,5.031270708E-2,-2.562679771E-1,2.611601895E-1,-7.889248033E1
1.608333333E0,4.904143497E-2,-2.573766208E-1,2.620072276E-1,-7.921198219E1
1.616666667E0,4.781403642E-2,-2.584277119E-1,2.628137446E-1,-7.951772935E1
1.625000000E0,4.566882419E-2,-2.588019461E-1,2.628004734E-1,-7.999247268E1
1.633333333E0,4.381228576E-2,-2.598015074E-1,2.634698079E-1,-8.042784256E1
1.641666667E0,4.162315893E-2,-2.605925123E-1,2.638957083E-1,-8.092508252E1
1.650000000E0,3.917786249E-2,-2.622639402E-1,2.651740546E-1,-8.150379223E1
1.658333333E0,3.615915146E-2,-2.633045578E-1,2.657757973E-1,-8.218058224E1
1.666666667E0,3.293688713E-2,-2.646899629E-1,2.667313536E-1,-8.290681911E1
1.675000000E0,2.938746894E-2,-2.670678141E-1,2.686798107E-1,-8.372057981E1
1.683333333E0,2.546290830E-2,-2.679285285E-1,2.691357577E-1,-8.457113215E1
1.691666667E0,2.176680613E-2,-2.696607668E-1,2.705378402E-1,-8.538513501E1
1.700000000E0,1.752152369E-2,-2.722114981E-1,2.727748220E-1,-8.631710508E1
1.708333333E0,1.276243135E-2,-2.741177174E-1,2.744146546E-1,-8.733433582E1
1.716666667E0,7.755252650E-3,-2.764175390E-1,2.765263094E-1,-8.839291416E1
1.725000000E0,2.790850110E-3,-2.781071068E-1,2.781211098E-1,-8.942504682E1
1.733333333E0,-2.588783698E-3,-2.792779706E-1,2.792899688E-1,-9.053109141E1
1.741666667E0,-8.303730732E-3,-2.808133271E-1,2.809360721E-1,-9.169375910E1
1.750000000E0,-1.371542802E-2,-2.824757519E-1,2.828085277E-1,-9.277977654E1
1.758333333E0,-2.029280498E-2,-2.826379165E-1,2.833654703E-1,-9.410666900E1
1.766666667E0,-2.623539018E-2,-2.852517832E-1,2.864557130E-1,-9.525486658E1
1.775000000E0,-3.247268257E-2,-2.847869343E-1,2.866322959E-1,-9.650502676E1
1.783333333E0,-3.934669901E-2,-2.865749716E-1,2.892635080E-1,-9.781782093E1
1.791666667E0,-4.540009377E-2,-2.873473641E-1,2.909118013E-1,-9.897835731E1
1.800000000E0,-5.199267395E-2,-2.889152070E-1,2.935561871E-1,-1.002016565E2
1.808333333E0,-5.951821873E-2,-2.900839284E-1,2.961268375E-1,-1.015947954E2
1.816666667E0,-6.622971902E-2,-2.900991075E-1,2.975632166E-1,-1.028602385E2
1.825000000E0,-7.308341105E-2,-2.903254677E-1,2.993828020E-1,-1.041294558E2
1.833333333E0,-7.951758622E-2,-2.901916119E-1,3.008890462E-1,-1.053239040E2
1.841666667E0,-8.731911977E-2,-2.908143075E-1,3.036405608E-1,-1.067127684E2
1.850000000E0,-9.430518932E-2,-2.899182818E-1,3.048705936E-1,-1.080187726E2
1.858333333E0,-1.002560195E-1,-2.896528262E-1,3.065126901E-1,-1.090920046E2
1.866666667E0,-1.071429029E-1,-2.888531685E-1,3.080840057E-1,-1.103510836E2
1.875000000E0,-1.139368039E-1,-2.882125673E-1,3.099162455E-1,-1.115699835E2
1.883333333E0,-1.210812302E-1,-2.878184285E-1,3.122500794E-1,-1.128158166E2
1.891666667E0,-1.281486921E-1,-2.868662020E-1,3.141883275E-1,-1.140712412E2
1.900000000E0,-1.345273215E-1,-2.859895484E-1,3.160500309E-1,-1.151919386E2
1.908333333E0,-1.408100619E-1,-2.847220064E-1,3.176383076E-1,-1.163148257E2
1.916666667E0,-1.452121799E-1,-2.839599478E-1,3.189354624E-1,-1.170844127E2
1.925000000E0,-1.520012215E-1,-2.824023145E-1,3.207108332E-1,-1.182910720E2
1.933333333E0,-1.577539336E-1,-2.810911743E-1,3.223329829E-1,-1.193020033E2
1.941666667E0,-1.630839017E-1,-2.789788370E-1,3.231494244E-1,-1.203094655E2
1.950000000E0,-1.680777218E-1,-2.770237404E-1,3.240251122E-1,-1.212463099E2
1.958333333E0,-1.740316907E-1,-2.748597779E-1,3.253228040E-1,-1.223405741E2
1.966666667E0,-1.791408250E-1,-2.730693868E-1,3.265858619E-1,-1.232659467E2
1.975000000E0,-1.839534427E-1,-2.717525108E-1,3.281589496E-1,-1.240946739E2
1.983333333E0,-1.885309718E-1,-2.695928097E-1,3.289744828E-1,-1.249657675E2
1.991666667E0,-1.919277204E-1,-2.682961386E-1,3.298773528E-1,-1.255783290E2
2.000000000E0,-1.966439082E-1,-2.662728975E-1,3.310137196E-1,-1.264460590E2
2.008333333E0,-2.004597671E-1,-2.646023474E-1,3.319616250E-1,-1.271471604E2
2.016666667E0,-2.027856638E-1,-2.633227046E-1,3.323565438E-1,-1.275999839E2
2.025000000E0,-2.055669539E-1,-2.617244993E-1,3.328024731E-1,-1.281472463E2
2.033333333E0,-2.080564876E-1,-2.608233672E-1,3.336410211E-1,-1.285790538E2
2.041666667E0,-2.103568003E-1,-2.593477504E-1,3.339329858E-1,-1.290454872E2
2.050000000E0,-2.132397867E-1,-2.593644489E-1,3.357694506E-1,-1.294257688E2
2.058333333E0,-2.151644689E-1,-2.586617270E-1,3.364545106E-1,-1.297549466E2
2.066666667E0,-2.164528948E-1,-2.571171819E-1,3.360968624E-1,-1.300921921E2
2.075000000E0,-2.176702190E-1,-2.563602452E-1,3.363047718E-1,-1.303339027E2
2.083333333E0,-2.185938082E-1,-2.555423863E-1,3.362813765E-1,-1.305440488E2
2.091666667E0,-2.192429410E-1,-2.550500135E-1,3.363301600E-1,-1.306826058E2
2.100000000E0,-2.197585720E-1,-2.551019969E-1,3.367058936E-1,-1.307433776E2
2.108333333E0,-2.197335474E-1,-2.553488278E-1,3.368766179E-1,-1.307127533E2
2.116666667E0,-2.194903400E-1,-2.550271931E-1,3.364741871E-1,-1.307170858E2
2.125000000E0,-2.195778321E-1,-2.557751350E-1,3.370984189E-1,-1.306454297E2
2.133333333E0,-2.185829030E-1,-2.562627291E-1,3.368220180E-1,-1.304629871E2
2.141666667E0,-2.174233808E-1,-2.571670083E-1,3.367607410E-1,-1.302130483E2
2.150000000E0,-2.155826793E-1,-2.581150443E-1,3.363023457E-1,-1.298692855E2
2.158333333E0,-2.139251308E-1,-2.586782782E-1,3.356760539E-1,-1.295905108E2
2.166666667E0,-2.119839297E-1,-2.589127121E-1,3.346236378E-1,-1.293087888E2
2.175000000E0,-2.097112773E-1,-2.602095169E-1,3.341972659E-1,-1.288664659E2
2.183333333E0,-2.068113065E-1,-2.623802650E-1,3.340872939E-1,-1.282456072E2
2.191666667E0,-2.040431199E-1,-2.634886375E-1,3.332564431E-1,-1.277538633E2
2.200000000E0,-2.003575583E-1,-2.641546840E-1,3.315431318E-1,-1.271797981E2
2.208333333E0,-1.977779947E-1,-2.651385287E-1,3.307787396E-1,-1.267208078E2
2.216666667E0,-1.942706727E-1,-2.670410937E-1,3.302302833E-1,-1.260356477E2
2.225000000E0,-1.906686353E-1,-2.680921477E-1,3.289801334E-1,-1.254206505E2
2.233333333E0,-1.862975215E-1,-2.699201916E-1,3.279690173E-1,-1.246132374E2
2.241666667E0,-1.817546110E-1,-2.716503380E-1,3.268465156E-1,-1.237855145E2
2.250000000E0,-1.776291804E-1,-2.741276839E-1,3.266467707E-1,-1.229424192E2
2.258333333E0,-1.724604583E-1,-2.756524313E-1,3.251566892E-1,-1.220319345E2
2.266666667E0,-1.668107376E-1,-2.773575998E-1,3.236557745E-1,-1.210238960E2
2.275000000E0,-1.615057709E-1,-2.783630247E-1,3.218230686E-1,-1.201222368E2
2.283333333E0,-1.554414192E-1,-2.798339768E-1,3.201079339E-1,-1.190511773E2
2.291666667E0,-1.492483237E-1,-2.817483265E-1,3.188372338E-1,-1.179111589E2
2.300000000E0,-1.445626529E-1,-2.830432878E-1,3.178236356E-1,-1.170553992E2
2.308333333E0,-1.383267432E-1,-2.840088668E-1,3.159039795E-1,-1.159684343E2
2.316666667E0,-1.314771632E-1,-2.851804718E-1,3.140288935E-1,-1.147511872E2
2.325000000E0,-1.250939407E-1,-2.861534186E-1,3.123015738E-1,-1.136128756E2
2.333333333E0,-1.179700039E-1,-2.873525993E-1,3.106258813E-1,-1.123201571E2
2.341666667E0,-1.117923338E-1,-2.887739952E-1,3.096577889E-1,-1.111627872E2
2.350000000E0,-1.051142651E-1,-2.892762551E-1,3.077820016E-1,-1.099696179E2
2.358333333E0,-9.770852230E-2,-2.894003873E-1,3.054497332E-1,-1.086559177E2
2.366666667E0,-9.124653496E-2,-2.892831290E-1,3.033325878E-1,-1.075064699E2
2.375000000E0,-8.449904651E-2,-2.895522829E-1,3.016299279E-1,-1.062686473E2
2.383333333E0,-7.760345025E-2,-2.893203394E-1,2.995472488E-1,-1.050148358E2
2.391666667E0,-7.049108354E-2,-2.889625328E-1,2.974362759E-1,-1.037092848E2
2.400000000E0,-6.369745488E-2,-2.889363392E-1,2.958742535E-1,-1.024322811E2
2.408333333E0,-5.659989403E-2,-2.892343831E-1,2.947203359E-1,-1.010722170E2
2.416666667E0,-5.015733142E-2,-2.885670362E-1,2.928936536E-1,-9.986036432E1
2.425000000E0,-4.167909046E-2,-2.872910174E-1,2.902985967E-1,-9.825466348E1
2.433333333E0,-3.567846309E-2,-2.865974483E-1,2.888097126E-1,-9.709623277E1
2.441666667E0,-2.929462840E-2,-2.851397291E-1,2.866406119E-1,-9.586586193E1
2.450000000E0,-2.429718664E-2,-2.840821236E-1,2.851192842E-1,-9.488853895E1
2.458333333E0,-1.995130466E-2,-2.842360413E-1,2.849353993E-1,-9.401516175E1
2.466666667E0,-1.165755176E-2,-2.819209505E-1,2.821618700E-1,-9.236785601E1
2.475000000E0,-5.570498068E-3,-2.790693333E-1,2.791249240E-1,-9.114352819E1
2.483333333E0,-1.942657660E-4,-2.774732934E-1,2.774733614E-1,-9.004011415E1
2.491666667E0,5.087100401E-3,-2.758346145E-1,2.758815201E-1,-8.894343810E1
2.500000000E0,9.591236608E-3,-2.729806373E-1,2.731490804E-1,-8.798772756E1
2.508333333E0,1.432237466E-2,-2.724703635E-1,2.728465309E-1,-8.699102295E1
2.516666667E0,1.872587694E-2,-2.711292712E-1,2.717751648E-1,-8.604907064E1
2.525000000E0,2.355435851E-2,-2.694351919E-1,2.704628079E-1,-8.500383378E1
2.533333333E0,2.733504470E-2,-2.681899091E-1,2.695793612E-1,-8.418027023E1
2.541666667E0,3.157648306E-2,-2.665947965E-1,2.684583018E-1,-8.324514442E1
2.550000000E0,3.486432395E-2,-2.652683406E-1,2.675496470E-1,-8.251250885E1
2.558333333E0,3.787086834E-2,-2.637810619E-1,2.664857431E-1,-8.182991285E1
2.566666667E0,4.026929790E-2,-2.617199648E-1,2.647998420E-1,-8.125283519E1
2.575000000E0,4.258268907E-2,-2.600562331E-1,2.635195055E-1,-8.070067637E1
2.583333333E0,4.392447574E-2,-2.584869893E-1,2.621924545E-1,-8.035589982E1
2.591666667E0,4.568769191E-2,-2.575047327E-1,2.615263897E-1,-7.993901503E1
2.600000000E0,4.729081460E-2,-2.565105560E-1,2.608334459E-1,-7.955412757E1
2.608333333E0,4.859454304E-2,-2.559644122E-1,2.605363889E-1,-7.925039301E1
2.616666667E0,4.939873512E-2,-2.555049592E-1,2.602364678E-1,-7.905757472E1
2.625000000E0,5.043127684E-2,-2.552903053E-1,2.602238530E-1,-7.882539230E1
2.633333333E0,5.062295521E-2,-2.552310786E-1,2.602029729E-1,-7.878145815E1
2.641666667E0,5.087772971E-2,-2.551917428E-1,2.602140829E-1,-7.872474693E1
2.650000000E0,5.066077654E-2,-2.553341991E-1,2.603114817E-1,-7.877770837E1
2.658333333E0,5.091128741E-2,-2.557832546E-1,2.608007525E-1,-7.874292509E1
2.666666667E0,4.986090302E-2,-2.564759331E-1,2.612776568E-1,-7.899848631E1
2.675000000E0,4.867322405E-2,-2.578422708E-1,2.623961115E-1,-7.930999392E1
2.683333333E0,4.654990381E-2,-2.576985721E-1,2.618691421E-1,-7.976067673E1
2.691666667E0,4.487671007E-2,-2.589673106E-1,2.628269146E-1,-8.016878957E1
2.700000000E0,4.258884450E-2,-2.592473059E-1,2.627222399E-1,-8.067084435E1
2.708333333E0,3.941827178E-2,-2.607910051E-1,2.637531962E-1,-8.140486704E1
2.716666667E0,3.666050099E-2,-2.623760713E-1,2.649248859E-1,-8.204584269E1
2.725000000E0,3.398179624E-2,-2.639579708E-1,2.661363801E-1,-8.266412483E1
2.733333333E0,3.080148424E-2,-2.655044095E-1,2.672850967E-1,-8.338262910E1
2.741666667E0,2.734509979E-2,-2.674216450E-1,2.688160909E-1,-8.416153419E1
2.750000000E0,2.329705123E-2,-2.699274398E-1,2.709309421E-1,-8.506710764E1
2.758333333E0,1.886351582E-2,-2.714066945E-1,2.720614380E-1,-8.602417856E1
2.766666667E0,1.485585060E-2,-2.726936018E-1,2.730979618E-1,-8.688171278E1
2.775000000E0,1.037322366E-2,-2.747295513E-1,2.749253174E-1,-8.783765623E1
2.783333333E0,5.799819134E-3,-2.760013053E-1,2.760622365E-1,-8.879617867E1
2.791666667E0,7.068292209E-4,-2.774666198E-1,2.774675201E-1,-8.985404283E1
2.800000000E0,-5.468436748E-3,-2.788462183E-1,2.788998337E-1,-9.112348014E1
2.808333333E0,-1.098010847E-2,-2.812888893E-1,2.815031119E-1,-9.223540515E1
2.816666667E0,-1.645453748E-2,-2.818342863E-1,2.823142163E-1,-9.334134838E1
2.825000000E0,-2.184003713E-2,-2.827119041E-1,2.835542416E-1,-9.441743532E1
2.833333333E0,-2.825000897E-2,-2.847061131E-1,2.861042360E-1,-9.566663414E1
2.841666667E0,-3.452377839E-2,-2.855203372E-1,2.875999900E-1,-9.689446640E1
2.850000000E0,-4.169424193E-2,-2.879674001E-1,2.909701588E-1,-9.823849380E1
2.858333333E0,-4.742903831E-2,-2.880561288E-1,2.919346622E-1,-9.934997752E1
2.866666667E0,-5.389901396E-2,-2.883858285E-1,2.933794297E-1,-1.005863846E2
2.875000000E0,-6.226417348E-2,-2.892705842E-1,2.958957556E-1,-1.021473207E2
2.883333333E0,-6.851170184E-2,-2.897693553E-1,2.977585139E-1,-1.033024585E2
2.891666667E0,-7.585268603E-2,-2.896872471E-1,2.994533872E-1,-1.046731016E2
2.900000000E0,-8.297707566E-2,-2.896048315E-1,3.012576198E-1,-1.059879752E2
2.908333333E0,-8.986255388E-2,-2.889326433E-1,3.025844526E-1,-1.072765078E2
2.916666667E0,-9.662477702E-2,-2.889303428E-1,3.046589741E-1,-1.084910892E2
2.925000000E0,-1.042580711E-1,-2.877445271E-1,3.060500911E-1,-1.099169002E2
2.933333333E0,-1.105858560E-1,-2.873967455E-1,3.079385018E-1,-1.110459590E2
2.941666667E0,-1.180645039E-1,-2.878975380E-1,3.111659035E-1,-1.122981462E2
2.950000000E0,-1.248099436E-1,-2.863042065E-1,3.123261447E-1,-1.135540587E2
2.958333333E0,-1.301552027E-1,-2.865948865E-1,3.147650008E-1,-1.144248648E2
2.966666667E0,-1.357008581E-1,-2.847633159E-1,3.154439237E-1,-1.154796260E2
2.975000000E0,-1.421750729E-1,-2.829054886E-1,3.166216462E-1,-1.166819640E2
2.983333333E0,-1.479114446E-1,-2.825260332E-1,3.189024222E-1,-1.176335006E2
2.991666667E0,-1.536528730E-1,-2.811012798E-1,3.203547017E-1,-1.186614734E2
3.000000000E0,-1.593923687E-1,-2.792316342E-1,3.215217453E-1,-1.197188005E2
3.008333333E0,-1.644570557E-1,-2.775774997E-1,3.226381743E-1,-1.206455783E2
3.016666667E0,-1.696974980E-1,-2.763547476E-1,3.242979916E-1,-1.215522862E2
3.025000000E0,-1.746110770E-1,-2.750779455E-1,3.258172867E-1,-1.224061328E2
3.033333333E0,-1.795763028E-1,-2.731951689E-1,3.269300366E-1,-1.233176681E2
3.041666667E0,-1.836960226E-1,-2.719358670E-1,3.281666413E-1,-1.240395101E2
3.050000000E0,-1.894731596E-1,-2.699223059E-1,3.297849746E-1,-1.250671061E2
3.058333333E0,-1.917023302E-1,-2.696993209E-1,3.308889649E-1,-1.254052223E2
3.066666667E0,-1.955643980E-1,-2.674413495E-1,3.313160262E-1,-1.261758465E2
3.075000000E0,-1.990344928E-1,-2.663559423E-1,3.325059658E-1,-1.267689260E2
3.083333333E0,-2.024259087E-1,-2.653508512E-1,3.337473936E-1,-1.273386102E2
3.091666667E0,-2.052611324E-1,-2.641920812E-1,3.345587964E-1,-1.278450275E2
3.100000000E0,-2.089050717E-1,-2.624092845E-1,3.354101393E-1,-1.285234357E2
3.108333333E0,-2.108543543E-1,-2.610960837E-1,3.356050114E-1,-1.289234338E2
3.116666667E0,-2.123580491E-1,-2.608116402E-1,3.363311652E-1,-1.291531695E2
3.125000000E0,-2.137846136E-1,-2.595319379E-1,3.362449818E-1,-1.294793562E2
3.133333333E0,-2.151185003E-1,-2.589343754E-1,3.366347872E-1,-1.297192553E2
3.141666667E0,-2.169183449E-1,-2.584010075E-1,3.373790880E-1,-1.300122490E2
3.150000000E0,-2.182257298E-1,-2.579385248E-1,3.378679501E-1,-1.302324818E2
3.158333333E0,-2.182581679E-1,-2.580136031E-1,3.379462194E-1,-1.302284589E2
3.166666667E0,-2.184505221E-1,-2.580723152E-1,3.381152917E-1,-1.302469193E2
3.175000000E0,-2.183368429E-1,-2.564246211E-1,3.367856340E-1,-1.304132646E2
3.183333333E0,-2.184855530E-1,-2.563953928E-1,3.368598140E-1,-1.304357460E2
3.191666667E0,-2.173820165E-1,-2.573663602E-1,3.368863079E-1,-1.301857860E2
3.200000000E0,-2.163986199E-1,-2.581875270E-1,3.368815248E-1,-1.299678924E2
3.208333333E0,-2.147377967E-1,-2.579293539E-1,3.356186421E-1,-1.297789045E2
3.216666667E0,-2.135060715E-1,-2.587308559E-1,3.354496957E-1,-1.295296294E2
3.225000000E0,-2.119838893E-1,-2.596457879E-1,3.351911462E-1,-1.292294008E2
3.233333333E0,-2.099623328E-1,-2.613441403E-1,3.352386327E-1,-1.287781889E2
3.241666667E0,-2.072315909E-1,-2.627587646E-1,3.346447379E-1,-1.282620048E2
3.250000000E0,-2.041000506E-1,-2.634622501E-1,3.332704425E-1,-1.277643793E2
3.258333333E0,-2.017730918E-1,-2.651470317E-1,3.331896292E-1,-1.272706149E2
3.266666667E0,-1.973812645E-1,-2.668789349E-1,3.319393461E-1,-1.264862969E2
3.275000000E0,-1.951544693E-1,-2.682742725E-1,3.317474222E-1,-1.260337856E2
3.283333333E0,-1.915718859E-1,-2.699928506E-1,3.310527553E-1,-1.253573888E2
3.291666667E0,-1.877144555E-1,-2.714798753E-1,3.300576306E-1,-1.246618766E2
3.300000000E0,-1.839405794E-1,-2.710293888E-1,3.275531504E-1,-1.241637155E2
3.308333333E0,-1.791443916E-1,-2.741752889E-1,3.275130563E-1,-1.231603457E2
3.316666667E0,-1.736984774E-1,-2.757315497E-1,3.258819549E-1,-1.222090833E2
3.325000000E0,-1.688952661E-1,-2.771822577E-1,3.245852968E-1,-1.213551751E2
3.333333333E0,-1.631337653E-1,-2.792220723E-1,3.233845868E-1,-1.202953436E2
3.341666667E0,-1.579831546E-1,-2.801127158E-1,3.215926161E-1,-1.194229336E2
3.350000000E0,-1.518005136E-1,-2.819347040E-1,3.202039557E-1,-1.182991045E2
3.358333333E0,-1.458226632E-1,-2.833340153E-1,3.186572035E-1,-1.172333847E2
3.366666667E0,-1.399393026E-1,-2.843412936E-1,3.169116275E-1,-1.162042243E2
3.375000000E0,-1.331333786E-1,-2.855018466E-1,3.150171438E-1,-1.150002771E2
3.383333333E0,-1.268248551E-1,-2.867221148E-1,3.135189229E-1,-1.138610874E2
3.391666667E0,-1.205720932E-1,-2.875262368E-1,3.117835251E-1,-1.127503958E2
3.400000000E0,-1.139871132E-1,-2.883974764E-1,3.101067016E-1,-1.115660677E2
3.408333333E0,-1.073886049E-1,-2.891956385E-1,3.084905667E-1,-1.103717486E2
3.416666667E0,-1.009727285E-1,-2.895907950E-1,3.066892898E-1,-1.092223260E2
3.425000000E0,-9.364654659E-2,-2.894433770E-1,3.042156212E-1,-1.079284755E2
3.433333333E0,-8.760054856E-2,-2.892330849E-1,3.022079309E-1,-1.068500813E2
3.441666667E0,-8.065556788E-2,-2.895666123E-1,3.005896598E-1,-1.055645887E2
3.450000000E0,-7.381986274E-2,-2.889670883E-1,2.982471295E-1,-1.043303575E2
3.458333333E0,-6.582031194E-2,-2.893070991E-1,2.967000355E-1,-1.028172025E2
3.466666667E0,-5.932570383E-2,-2.890264835E-1,2.950522789E-1,-1.015994459E2
3.475000000E0,-5.238187549E-2,-2.879873437E-1,2.927124374E-1,-1.003088022E2
3.483333333E0,-4.480804222E-2,-2.873768756E-1,2.908491521E-1,-9.886224790E1
3.491666667E0,-3.865601252E-2,-2.871956864E-1,2.897855234E-1,-9.766583523E1
3.500000000E0,-3.238668044E-2,-2.853960531E-1,2.872277915E-1,-9.647421616E1
3.508333333E0,-2.609753315E-2,-2.845019085E-1,2.856963724E-1,-9.524110911E1
3.516666667E0,-2.316456205E-2,-2.841489391E-1,2.850915932E-1,-9.466059483E1
3.525000000E0,-1.403942215E-2,-2.808948709E-1,2.812455046E-1,-9.286132250E1
3.533333333E0,-8.215085764E-3,-2.805283253E-1,2.806485862E-1,-9.167738948E1
3.541666667E0,-1.872487913E-3,-2.792458585E-1,2.792521364E-1,-9.038419208E1
3.550000000E0,2.548765256E-3,-2.767902646E-1,2.768019993E-1,-8.947241871E1
3.558333333E0,7.458115581E-3,-2.750925837E-1,2.751936647E-1,-8.844701776E1
3.566666667E0,1.263390981E-2,-2.738711159E-1,2.741623676E-1,-8.735876898E1
3.575000000E0,1.728808495E-2,-2.719539455E-1,2.725028924E-1,-8.636260752E1
3.583333333E0,2.141979676E-2,-2.700152180E-1,2.708634816E-1,-8.546433246E1
3.591666667E0,2.480495592E-2,-2.681984429E-1,2.693430723E-1,-8.471589911E1
3.600000000E0,2.866624138E-2,-2.662831350E-1,2.678216970E-1,-8.385558728E1
3.608333333E0,3.204508123E-2,-2.648669787E-1,2.667984326E-1,-8.310156595E1
3.616666667E0,3.500233225E-2,-2.631356274E-1,2.654534266E-1,-8.242298980E1
3.625000000E0,3.824962675E-2,-2.618707788E-1,2.646494639E-1,-8.168997158E1
3.633333333E0,4.042236745E-2,-2.608223757E-1,2.639361276E-1,-8.119036124E1
3.641666667E0,4.275615678E-2,-2.592425639E-1,2.627447352E-1,-8.063467412E1
3.650000000E0,4.460905237E-2,-2.586378816E-1,2.624567038E-1,-8.021408328E1
3.658333333E0,4.632647255E-2,-2.574188509E-1,2.615542140E-1,-7.979794951E1
3.666666667E0,4.786086602E-2,-2.571478201E-1,2.615638811E-1,-7.945663598E1
3.675000000E0,5.046429489E-2,-2.561008132E-1,2.610254233E-1,-7.885276078E1
3.683333333E0,5.041290653E-2,-2.554241463E-1,2.603516001E-1,-7.883506669E1
3.691666667E0,5.061959397E-2,-2.552911901E-1,2.602612822E-1,-7.878475856E1
3.700000000E0,5.085184972E-2,-2.551837933E-1,2.602012279E-1,-7.872999341E1
3.708333333E0,5.059638652E-2,-2.550881333E-1,2.600575899E-1,-7.878107276E1
3.716666667E0,5.061879088E-2,-2.554333971E-1,2.604006189E-1,-7.879101758E1
3.725000000E0,4.964628837E-2,-2.553872880E-1,2.601680627E-1,-7.899912915E1
3.733333333E0,4.852991983E-2,-2.562091857E-1,2.607648365E-1,-7.927437428E1
3.741666667E0,4.732742650E-2,-2.571833560E-1,2.615017475E-1,-7.957296558E1
3.750000000E0,4.557024221E-2,-2.584730336E-1,2.624594370E-1,-8.000118832E1
3.758333333E0,4.366835304E-2,-2.589013119E-1,2.625582114E-1,-8.042614820E1
3.766666667E0,4.164402070E-2,-2.601905207E-1,2.635020522E-1,-8.090681648E1
3.775000000E0,3.903851353E-2,-2.613994565E-1,2.642984703E-1,-8.150598120E1
3.783333333E0,3.534192278E-2,-2.631290897E-1,2.654919384E-1,-8.235015665E1
3.791666667E0,3.230476078E-2,-2.644458662E-1,2.664117372E-1,-8.303524441E1
3.800000000E0,3.044679390E-2,-2.669947430E-1,2.687251385E-1,-8.349436807E1
3.808333333E0,2.489620135E-2,-2.671971218E-1,2.683544722E-1,-8.467681145E1
3.816666667E0,2.142601345E-2,-2.696079368E-1,2.704579702E-1,-8.545619649E1
3.825000000E0,1.705487174E-2,-2.714280970E-1,2.719633808E-1,-8.640461238E1
3.833333333E0,1.242379467E-2,-2.728242653E-1,2.731069945E-1,-8.739268216E1
3.841666667E0,8.058379860E-3,-2.742155733E-1,2.743339537E-1,-8.831673195E1
3.850000000E0,3.177307272E-3,-2.763419532E-1,2.763602185E-1,-8.934125719E1
3.858333333E0,-2.120064447E-3,-2.784368194E-1,2.784448905E-1,-9.043625120E1
3.866666667E0,-7.824653470E-3,-2.796443272E-1,2.797537756E-1,-9.160275976E1
3.875000000E0,-1.572979066E-2,-2.817327802E-1,2.821715537E-1,-9.319563769E1
3.883333333E0,-2.147511694E-2,-2.826417670E-1,2.834564324E-1,-9.434498411E1
3.891666667E0,-2.755974965E-2,-2.839604716E-1,2.852947410E-1,-9.554347269E1
3.900000000E0,-3.346335558E-2,-2.840877594E-1,2.860518331E-1,-9.671804576E1
3.908333333E0,-3.914641996E-2,-2.843444030E-1,2.870264478E-1,-9.783877941E1
3.916666667E0,-4.594427184E-2,-2.851413579E-1,2.888190958E-1,-9.915328519E1
3.925000000E0,-5.239863397E-2,-2.877227665E-1,2.924551371E-1,-1.003213083E2
3.933333333E0,-5.864101925E-2,-2.879933602E-1,2.939029511E-1,-1.015091903E2
3.941666667E0,-6.607289475E-2,-2.877663764E-1,2.952543223E-1,-1.029313239E2
3.950000000E0,-7.350202825E-2,-2.888084882E-1,2.980149174E-1,-1.042786998E2
3.958333333E0,-8.025932949E-2,-2.888799367E-1,2.998219102E-1,-1.055268550E2
3.966666667E0,-8.644831194E-2,-2.883019707E-1,3.009839480E-1,-1.066915353E2
3.975000000E0,-9.321979073E-2,-2.882105694E-1,3.029113100E-1,-1.079234557E2
3.983333333E0,-9.977134571E-2,-2.879775215E-1,3.047710195E-1,-1.091089157E2
3.991666667E0,-1.069120144E-1,-2.878011861E-1,3.070174287E-1,-1.103789598E2
4.000000000E0,-1.133698422E-1,-2.875749544E-1,3.091149876E-1,-1.115157031E2
4.008333333E0,-1.195454265E-1,-2.856183068E-1,3.096270759E-1,-1.127117281E2
4.016666667E0,-1.271695889E-1,-2.851054933E-1,3.121814323E-1,-1.140389732E2
4.025000000E0,-1.323521078E-1,-2.838869893E-1,3.132234077E-1,-1.149955952E2
4.033333333E0,-1.387800731E-1,-2.832481228E-1,3.154194156E-1,-1.161029770E2
4.041666667E0,-1.443738357E-1,-2.811961740E-1,3.160934873E-1,-1.171772090E2
4.050000000E0,-1.504667258E-1,-2.794439148E-1,3.173785392E-1,-1.183002671E2
4.058333333E0,-1.569758126E-1,-2.777654150E-1,3.190533365E-1,-1.194724448E2
4.066666667E0,-1.619154802E-1,-2.768723207E-1,3.207411802E-1,-1.203191803E2
4.075000000E0,-1.668517759E-1,-2.749563919E-1,3.216217228E-1,-1.212506307E2
4.083333333E0,-1.716792398E-1,-2.749455626E-1,3.241432149E-1,-1.219811400E2
4.091666667E0,-1.776857477E-1,-2.713019784E-1,3.243100190E-1,-1.232222793E2
4.100000000E0,-1.805463905E-1,-2.714093444E-1,3.259755073E-1,-1.236325672E2
4.108333333E0,-1.844370065E-1,-2.693681458E-1,3.264601160E-1,-1.243995348E2
4.116666667E0,-1.884423815E-1,-2.678440072E-1,3.274918981E-1,-1.251284072E2
4.125000000E0,-1.924354499E-1,-2.662485037E-1,3.285112907E-1,-1.258581354E2
4.133333333E0,-1.963775648E-1,-2.643624983E-1,3.293200244E-1,-1.266062361E2
4.141666667E0,-1.992334788E-1,-2.636355784E-1,3.304507486E-1,-1.270789047E2
4.150000000E0,-2.021749352E-1,-2.628324128E-1,3.315955091E-1,-1.275680656E2
4.158333333E0,-2.054124011E-1,-2.631905137E-1,3.338614998E-1,-1.279709834E2
4.166666667E0,-2.074862368E-1,-2.618975368E-1,3.341270091E-1,-1.283877448E2
4.175000000E0,-2.092193250E-1,-2.592509638E-1,3.331422942E-1,-1.289040379E2
4.183333333E0,-2.104289484E-1,-2.583556252E-1,3.332086004E-1,-1.291625882E2
4.191666667E0,-2.124833220E-1,-2.578731821E-1,3.341373073E-1,-1.294879694E2
4.200000000E0,-2.139228931E-1,-2.569248173E-1,3.343252397E-1,-1.297817254E2
4.208333333E0,-2.145645852E-1,-2.565415718E-1,3.344421315E-1,-1.299082191E2
4.216666667E0,-2.153269959E-1,-2.559147765E-1,3.344519218E-1,-1.300772964E2
4.225000000E0,-2.158000384E-1,-2.562689539E-1,3.350275113E-1,-1.301002016E2
4.233333333E0,-2.154982505E-1,-2.563298029E-1,3.348797752E-1,-1.300539999E2
4.241666667E0,-2.149638910E-1,-2.565697540E-1,3.347200518E-1,-1.299575546E2
4.250000000E0,-2.147606079E-1,-2.572971014E-1,3.351476049E-1,-1.298510591E2
4.258333333E0,-2.139209697E-1,-2.573004792E-1,3.346127880E-1,-1.297403133E2
4.266666667E0,-2.132177710E-1,-2.580566970E-1,3.347462871E-1,-1.295650123E2
4.275000000E0,-2.114237912E-1,-2.588557795E-1,3.342249752E-1,-1.292406739E2
4.283333333E0,-2.100486652E-1,-2.600282938E-1,3.342680890E-1,-1.289309855E2
4.291666667E0,-2.077890210E-1,-2.605309510E-1,3.332456356E-1,-1.285744558E2
4.300000000E0,-2.053363165E-1,-2.614703937E-1,3.324601776E-1,-1.281430374E2
4.308333333E0,-2.029878855E-1,-2.627237558E-1,3.320058035E-1,-1.276907001E2
4.316666667E0,-2.005047828E-1,-2.638939540E-1,3.314244814E-1,-1.272273159E2
4.325000000E0,-1.973841548E-1,-2.658747841E-1,3.311342710E-1,-1.265900143E2
4.333333333E0,-1.942769441E-1,-2.669314786E-1,3.301453397E-1,-1.260477190E2
4.341666667E0,-1.905697641E-1,-2.680965849E-1,3.289264566E-1,-1.254061677E2
4.350000000E0,-1.867009591E-1,-2.694297883E-1,3.277951479E-1,-1.247199646E2
4.358333333E0,-1.824321102E-1,-2.706382828E-1,3.263840605E-1,-1.239831592E2
4.366666667E0,-1.781180090E-1,-2.724618572E-1,3.255172634E-1,-1.231740732E2
4.375000000E0,-1.737451421E-1,-2.740542054E-1,3.244889550E-1,-1.223739183E2
4.383333333E0,-1.692486288E-1,-2.759800489E-1,3.237438582E-1,-1.215192905E2
4.391666667E0,-1.645955032E-1,-2.774148607E-1,3.225688835E-1,-1.206814605E2
4.400000000E0,-1.587268061E-1,-2.784782454E-1,3.205375674E-1,-1.196822404E2
4.408333333E0,-1.532261708E-1,-2.803008523E-1,3.194476909E-1,-1.186631762E2
4.416666667E0,-1.471966715E-1,-2.809848574E-1,3.172055331E-1,-1.176482358E2
4.425000000E0,-1.408368845E-1,-2.828113940E-1,3.159387799E-1,-1.164727868E2
4.433333333E0,-1.364606382E-1,-2.832104457E-1,3.143718536E-1,-1.157263837E2
4.441666667E0,-1.279841093E-1,-2.848790224E-1,3.123075241E-1,-1.141923695E2
4.450000000E0,-1.225887660E-1,-2.849900110E-1,3.102375089E-1,-1.132750107E2
4.458333333E0,-1.165728671E-1,-2.866029115E-1,3.094033973E-1,-1.121335419E2
4.466666667E0,-1.098858786E-1,-2.873299247E-1,3.076254085E-1,-1.109287530E2
4.475000000E0,-1.023451195E-1,-2.889137076E-1,3.065055528E-1,-1.095062396E2
4.483333333E0,-9.524442481E-2,-2.894732032E-1,3.047396197E-1,-1.082125881E2
4.491666667E0,-8.899514620E-2,-2.897857419E-1,3.031433856E-1,-1.070720735E2
4.500000000E0,-8.157542065E-2,-2.901100455E-1,3.013608929E-1,-1.057053380E2
4.508333333E0,-7.511986163E-2,-2.900845617E-1,2.996532104E-1,-1.045183067E2
4.516666667E0,-6.775358731E-2,-2.890985937E-1,2.969318870E-1,-1.031898789E2
4.525000000E0,-6.102642419E-2,-2.886921060E-1,2.950717819E-1,-1.019359970E2
4.533333333E0,-5.449981677E-2,-2.889783926E-1,2.940726805E-1,-1.006802393E2
4.541666667E0,-4.808793442E-2,-2.874844629E-1,2.914785855E-1,-9.949603225E1
4.550000000E0,-4.239427970E-2,-2.871391996E-1,2.902519507E-1,-9.839868217E1
4.558333333E0,-3.358905332E-2,-2.865267376E-1,2.884888141E-1,-9.668617226E1
4.566666667E0,-2.869304987E-2,-2.859315349E-1,2.873675934E-1,-9.573041178E1
4.575000000E0,-2.086158116E-2,-2.839612560E-1,2.847265363E-1,-9.420176006E1
4.583333333E0,-1.562569983E-2,-2.821732577E-1,2.826055729E-1,-9.316958878E1
4.591666667E0,-1.015719306E-2,-2.801283793E-1,2.803124640E-1,-9.207658166E1
4.600000000E0,-3.731129608E-3,-2.797659078E-1,2.797907870E-1,-9.076408633E1
4.608333333E0,1.439839242E-3,-2.781463390E-1,2.781500657E-1,-8.970340801E1
4.616666667E0,6.220926065E-3,-2.756617643E-1,2.757319499E-1,-8.870721165E1
4.625000000E0,1.026162046E-2,-2.737745544E-1,2.739668000E-1,-8.785344390E1
4.633333333E0,1.398479106E-2,-2.725097187E-1,2.728683220E-1,-8.706224345E1
4.641666667E0,1.924097147E-2,-2.708145693E-1,2.714972301E-1,-8.593604922E1
4.650000000E0,2.259376575E-2,-2.689173135E-1,2.698647805E-1,-8.519742987E1
4.658333333E0,2.726665049E-2,-2.670839461E-1,2.684721671E-1,-8.417085830E1
4.666666667E0,3.147330585E-2,-2.657992319E-1,2.676561239E-1,-8.324704648E1
4.675000000E0,3.415681467E-2,-2.638594544E-1,2.660610826E-1,-8.262403453E1
4.683333333E0,3.829945219E-2,-2.628016117E-1,2.655777384E-1,-8.170835920E1
4.691666667E0,4.056249625E-2,-2.613395077E-1,2.644686265E-1,-8.117751943E1
4.700000000E0,4.234351684E-2,-2.603405821E-1,2.637616199E-1,-8.076192913E1
4.708333333E0,4.429830867E-2,-2.590303177E-1,2.627908782E-1,-8.029539110E1
4.716666667E0,4.650844629E-2,-2.578669591E-1,2.620274874E-1,-7.977614273E1
4.725000000E0,4.765984930E-2,-2.571057061E-1,2.614857651E-1,-7.949824986E1
4.733333333E0,4.864759557E-2,-2.565590458E-1,2.611304895E-1,-7.926329192E1
4.741666667E0,4.986513887E-2,-2.560489942E-1,2.608593865E-1,-7.897967770E1
4.750000000E0,5.008896904E-2,-2.553350055E-1,2.602015946E-1,-7.890124621E1
4.758333333E0,5.011241541E-2,-2.553676064E-1,2.602380998E-1,-7.889756235E1
4.766666667E0,4.965127243E-2,-2.549508019E-1,2.597405633E-1,-7.897967667E1
4.775000000E0,4.965511463E-2,-2.551969244E-1,2.599828853E-1,-7.898921412E1
4.783333333E0,4.933715125E-2,-2.555428410E-1,2.602619797E-1,-7.907246873E1
4.791666667E0,4.767887867E-2,-2.556099748E-1,2.600187199E-1,-7.943405435E1
4.800000000E0,4.788425440E-2,-2.562639486E-1,2.606992772E-1,-7.941603784E1
4.808333333E0,4.629160823E-2,-2.567166096E-1,2.608569160E-1,-7.977816660E1
4.816666667E0,4.438303306E-2,-2.576488487E-1,2.614436514E-1,-8.022605496E1
4.825000000E0,4.202143718E-2,-2.588704871E-1,2.622588993E-1,-8.077982129E1
4.833333333E0,3.981896390E-2,-2.600574367E-1,2.630882367E-1,-8.129470764E1
4.841666667E0,3.702882238E-2,-2.609779190E-1,2.635917447E-1,-8.192449713E1
4.850000000E0,3.401272355E-2,-2.623769287E-1,2.645723305E-1,-8.261376368E1
4.858333333E0,3.061619308E-2,-2.643351218E-1,2.661022508E-1,-8.339324628E1
4.866666667E0,2.693907417E-2,-2.650268764E-1,2.663924904E-1,-8.419601447E1
4.875000000E0,2.285540511E-2,-2.673521809E-1,2.683273340E-1,-8.511377805E1
4.883333333E0,1.831749236E-2,-2.685482477E-1,2.691722345E-1,-8.609793803E1
4.891666667E0,1.438285454E-2,-2.708792686E-1,2.712608425E-1,-8.696062479E1
4.900000000E0,1.020592560E-2,-2.721975629E-1,2.723888290E-1,-8.785272630E1
4.908333333E0,5.251874983E-3,-2.747636321E-1,2.748138201E-1,-8.890497286E1
4.916666667E0,2.912524593E-4,-2.757314922E-1,2.757316460E-1,-8.993947905E1
4.925000000E0,-4.814782976E-3,-2.762049948E-1,2.762469571E-1,-9.099867421E1
4.933333333E0,-1.025974269E-2,-2.778671940E-1,2.780565406E-1,-9.211458225E1
4.941666667E0,-1.748222704E-2,-2.804361178E-1,2.809805055E-1,-9.356716996E1
4.950000000E0,-2.360842385E-2,-2.805958406E-1,2.815872572E-1,-9.480935392E1
4.958333333E0,-2.749309355E-2,-2.818746472E-1,2.832122648E-1,-9.557081412E1
4.966666667E0,-3.456260796E-2,-2.834719004E-1,2.855711683E-1,-9.695153626E1
4.975000000E0,-4.173261726E-2,-2.843921430E-1,2.874378234E-1,-9.834818505E1
4.983333333E0,-4.788801592E-2,-2.855208414E-1,2.895089169E-1,-9.952112245E1
4.991666667E0,-5.608622535E-2,-2.871331338E-1,2.925595686E-1,-1.010525209E2
5.000000000E0,-6.220139091E-2,-2.869921563E-1,2.936554287E-1,-1.022288901E2
5.008333333E0,-6.920559420E-2,-2.876073710E-1,2.958165211E-1,-1.035296013E2
5.016666667E0,-7.581509738E-2,-2.872305720E-1,2.970678887E-1,-1.047861091E2
5.025000000E0,-8.211602634E-2,-2.874600717E-1,2.989587506E-1,-1.059425538E2
5.033333333E0,-8.823029954E-2,-2.862595680E-1,2.995482032E-1,-1.071302304E2
5.041666667E0,-9.514949908E-2,-2.868751992E-1,3.022429604E-1,-1.083494225E2
5.050000000E0,-1.015397225E-1,-2.869867425E-1,3.044202779E-1,-1.094844559E2
5.058333333E0,-1.082867891E-1,-2.869240279E-1,3.066780502E-1,-1.106767969E2
5.066666667E0,-1.151974466E-1,-2.865427535E-1,3.088319953E-1,-1.119013768E2
5.075000000E0,-1.216860056E-1,-2.856249765E-1,3.104659581E-1,-1.130756626E2
5.083333333E0,-1.275520978E-1,-2.846367931E-1,3.119096691E-1,-1.141382159E2
5.091666667E0,-1.345011773E-1,-2.841550284E-1,3.143797812E-1,-1.153299403E2
5.100000000E0,-1.397577567E-1,-2.826894140E-1,3.153498618E-1,-1.163071580E2
5.108333333E0,-1.452306270E-1,-2.813900620E-1,3.166580206E-1,-1.172990973E2
5.116666667E0,-1.508636354E-1,-2.799614826E-1,3.180224335E-1,-1.183190209E2
5.125000000E0,-1.568721050E-1,-2.785236040E-1,3.196627211E-1,-1.193894002E2
5.133333333E0,-1.622546810E-1,-2.774110672E-1,3.213774755E-1,-1.203228955E2
5.141666667E0,-1.677139388E-1,-2.757488558E-1,3.227466448E-1,-1.213084955E2
5.150000000E0,-1.726142215E-1,-2.743588679E-1,3.241426505E-1,-1.221762509E2
5.158333333E0,-1.780430257E-1,-2.728627475E-1,3.258119058E-1,-1.231244603E2
5.166666667E0,-1.820120948E-1,-2.708041682E-1,3.262871438E-1,-1.239057200E2
5.175000000E0,-1.852214878E-1,-2.681803948E-1,3.259259482E-1,-1.246312883E2
5.183333333E0,-1.899230771E-1,-2.676498348E-1,3.281877652E-1,-1.253593344E2
5.191666667E0,-1.940238038E-1,-2.659264677E-1,3.291840255E-1,-1.261150321E2
5.200000000E0,-1.977439146E-1,-2.644860438E-1,3.302355571E-1,-1.267837559E2
5.208333333E0,-2.004926735E-1,-2.634659006E-1,3.310764155E-1,-1.272704632E2
5.216666667E0,-2.033656338E-1,-2.620755143E-1,3.317245185E-1,-1.278107853E2
5.225000000E0,-2.057652976E-1,-2.612205859E-1,3.325290246E-1,-1.282277536E2
5.233333333E0,-2.065088406E-1,-2.598122914E-1,3.318860166E-1,-1.284790331E2
5.241666667E0,-2.093321906E-1,-2.593175052E-1,3.332649615E-1,-1.289119537E2
5.250000000E0,-2.106206289E-1,-2.595665395E-1,3.342691098E-1,-1.290569848E2
5.258333333E0,-2.126108021E-1,-2.572123232E-1,3.337087538E-1,-1.295770159E2
5.266666667E0,-2.142258459E-1,-2.571320624E-1,3.346783689E-1,-1.297988805E2
5.275000000E0,-2.151898379E-1,-2.569850046E-1,3.351834706E-1,-1.299415737E2
5.283333333E0,-2.154421732E-1,-2.573844191E-1,3.356517081E-1,-1.299308262E2
5.291666667E0,-2.159955757E-1,-2.578952872E-1,3.363986740E-1,-1.299472542E2
5.300000000E0,-2.164549535E-1,-2.579707254E-1,3.367516029E-1,-1.299989329E2
5.308333333E0,-2.160812073E-1,-2.563671391E-1,3.352837577E-1,-1.301261471E2
5.316666667E0,-2.157263399E-1,-2.572099222E-1,3.357004585E-1,-1.299871333E2
5.325000000E0,-2.138956209E-1,-2.589369630E-1,3.358566472E-1,-1.295585070E2
5.333333333E0,-2.127754061E-1,-2.599951276E-1,3.359625571E-1,-1.292962863E2
5.341666667E0,-2.107046238E-1,-2.605671116E-1,3.350994750E-1,-1.289603410E2
5.350000000E0,-2.085614542E-1,-2.609941398E-1,3.340895406E-1,-1.286284906E2
5.358333333E0,-2.063300587E-1,-2.626565170E-1,3.340067949E-1,-1.281514374E2
5.366666667E0,-2.038873967E-1,-2.634756537E-1,3.331508527E-1,-1.277340557E2
5.375000000E0,-2.016246945E-1,-2.649804086E-1,3.329671671E-1,-1.272676572E2
5.383333333E0,-1.990541724E-1,-2.662727525E-1,3.324511126E-1,-1.267802250E2
5.391666667E0,-1.958270690E-1,-2.671529131E-1,3.312384638E-1,-1.262419719E2
5.400000000E0,-1.919430105E-1,-2.690041701E-1,3.304623471E-1,-1.255090621E2
5.408333333E0,-1.882661876E-1,-2.703789172E-1,3.294676255E-1,-1.248496869E2
5.416666667E0,-1.850219795E-1,-2.718153326E-1,3.288110520E-1,-1.242427273E2
5.425000000E0,-1.799388160E-1,-2.737083602E-1,3.275580008E-1,-1.233213491E2
5.433333333E0,-1.756140907E-1,-2.757267914E-1,3.269030014E-1,-1.224936070E2
5.441666667E0,-1.710659088E-1,-2.756037379E-1,3.243778129E-1,-1.218276747E2
5.450000000E0,-1.667722065E-1,-2.775579370E-1,3.238076239E-1,-1.209997835E2
5.458333333E0,-1.620632195E-1,-2.795892251E-1,3.231634600E-1,-1.200986217E2
5.466666667E0,-1.552462695E-1,-2.812754789E-1,3.212744920E-1,-1.188959193E2
5.475000000E0,-1.496315416E-1,-2.826582477E-1,3.198207048E-1,-1.178955199E2
5.483333333E0,-1.442418008E-1,-2.842940188E-1,3.187927010E-1,-1.169017973E2
5.491666667E0,-1.383420867E-1,-2.853935617E-1,3.171561413E-1,-1.158613908E2
5.500000000E0,-1.315532013E-1,-2.859660858E-1,3.147742794E-1,-1.147038857E2
5.508333333E0,-1.246218189E-1,-2.877670401E-1,3.135928365E-1,-1.134157453E2
5.516666667E0,-1.187281937E-1,-2.881751478E-1,3.116749906E-1,-1.123916666E2
5.525000000E0,-1.126811707E-1,-2.885106084E-1,3.097344304E-1,-1.113337086E2
5.533333333E0,-1.060539847E-1,-2.899880474E-1,3.087725948E-1,-1.100883995E2
5.541666667E0,-9.976046204E-2,-2.904352496E-1,3.070908400E-1,-1.089568826E2
5.550000000E0,-9.222739515E-2,-2.907961486E-1,3.050709630E-1,-1.075966744E2
5.558333333E0,-8.442980759E-2,-2.902917405E-1,3.023205038E-1,-1.062167910E2
5.566666667E0,-7.753867690E-2,-2.901203873E-1,3.003033225E-1,-1.049633542E2
5.575000000E0,-7.083473638E-2,-2.905708525E-1,2.990802237E-1,-1.037002229E2
5.583333333E0,-6.456035609E-2,-2.903046578E-1,2.973967618E-1,-1.025378745E2
5.591666667E0,-5.767032097E-2,-2.903460205E-1,2.960180358E-1,-1.012342259E2
5.600000000E0,-5.057193160E-2,-2.887327876E-1,2.931282022E-1,-9.993465818E1
5.608333333E0,-4.378633251E-2,-2.877109820E-1,2.910237998E-1,-9.865336443E1
5.616666667E0,-3.711186327E-2,-2.875806175E-1,2.899653461E-1,-9.735329784E1
5.625000000E0,-3.142437438E-2,-2.861883190E-1,2.879083973E-1,-9.626615352E1
5.633333333E0,-2.507334245E-2,-2.854794295E-1,2.865783962E-1,-9.501934510E1
5.641666667E0,-1.839122694E-2,-2.841717195E-1,2.847662259E-1,-9.370294473E1
5.650000000E0,-1.156340150E-2,-2.817083814E-1,2.819456054E-1,-9.235052424E1
5.658333333E0,-7.535146351E-3,-2.799264858E-1,2.800278841E-1,-9.154193288E1
5.666666667E0,-1.777854433E-3,-2.804041349E-1,2.804097709E-1,-9.036326922E1
5.675000000E0,4.481997559E-3,-2.776909560E-1,2.777271239E-1,-8.907531289E1
5.683333333E0,9.348460158E-3,-2.764022583E-1,2.765603046E-1,-8.806288409E1
5.691666667E0,1.355949002E-2,-2.746579170E-1,2.749924202E-1,-8.717367950E1
5.700000000E0,1.777657826E-2,-2.734070727E-1,2.739843684E-1,-8.627993789E1
5.708333333E0,2.260866069E-2,-2.713995974E-1,2.723396648E-1,-8.523802978E1
5.716666667E0,2.487066721E-2,-2.691071482E-1,2.702539682E-1,-8.471976920E1
5.725000000E0,3.083773454E-2,-2.690001000E-1,2.707619243E-1,-8.346025354E1
5.733333333E0,3.420293031E-2,-2.668509593E-1,2.690339661E-1,-8.269608483E1
5.741666667E0,3.526444573E-2,-2.643947261E-1,2.667361099E-1,-8.240284087E1
5.750000000E0,3.773927539E-2,-2.628922763E-1,2.655872773E-1,-8.183076502E1
5.758333333E0,4.077389612E-2,-2.608880878E-1,2.640551173E-1,-8.111716864E1
5.766666667E0,4.312136179E-2,-2.597340228E-1,2.632892220E-1,-8.057366290E1
5.775000000E0,4.476680776E-2,-2.581227813E-1,2.619760243E-1,-8.016093544E1
5.783333333E0,4.717139913E-2,-2.546266547E-1,2.589592134E-1,-7.950453848E1
5.791666667E0,4.826562083E-2,-2.544406299E-1,2.589779997E-1,-7.925900767E1
5.800000000E0,5.054728365E-2,-2.551927929E-1,2.601507053E-1,-7.879616519E1
5.808333333E0,5.042613494E-2,-2.541299783E-1,2.590846212E-1,-7.877677833E1
5.816666667E0,5.011076300E-2,-2.538403445E-1,2.587392685E-1,-7.883279632E1
5.825000000E0,5.017971302E-2,-2.537470944E-1,2.586611520E-1,-7.881381199E1
5.833333333E0,5.018747123E-2,-2.534846569E-1,2.584052120E-1,-7.880083575E1
5.841666667E0,4.973289167E-2,-2.536013412E-1,2.584318107E-1,-7.890472392E1
5.850000000E0,4.913320938E-2,-2.536803318E-1,2.583946265E-1,-7.903858129E1
5.858333333E0,4.823235389E-2,-2.546493779E-1,2.591769002E-1,-7.927483358E1
5.866666667E0,4.646942596E-2,-2.549777563E-1,2.591776683E-1,-7.967126447E1
5.875000000E0,4.465162819E-2,-2.555768865E-1,2.594480927E-1,-8.008992293E1
5.883333333E0,4.243964425E-2,-2.569648941E-1,2.604459257E-1,-8.062183786E1
5.891666667E0,4.045209244E-2,-2.578854358E-1,2.610388281E-1,-8.108518687E1
5.900000000E0,3.794309425E-2,-2.590081430E-1,2.617726046E-1,-8.166580307E1
5.908333333E0,3.481144706E-2,-2.600958380E-1,2.624150945E-1,-8.237678811E1
5.916666667E0,3.194612778E-2,-2.614677209E-1,2.634120805E-1,-8.303412647E1
5.925000000E0,2.804789755E-2,-2.636849944E-1,2.651725114E-1,-8.392833805E1
5.933333333E0,2.481551587E-2,-2.651375317E-1,2.662963022E-1,-8.465298528E1
5.941666667E0,2.144847907E-2,-2.675342255E-1,2.683926212E-1,-8.541634516E1
5.950000000E0,1.707282845E-2,-2.694705034E-1,2.700108029E-1,-8.637475984E1
5.958333333E0,1.213350823E-2,-2.699852546E-1,2.702577654E-1,-8.742678043E1
5.966666667E0,7.653039262E-3,-2.716665167E-1,2.717742911E-1,-8.838636385E1
5.975000000E0,3.222069398E-3,-2.737291678E-1,2.737481306E-1,-8.932560182E1
5.983333333E0,-2.233973855E-3,-2.750727950E-1,2.750818663E-1,-9.046531123E1
5.991666667E0,-7.256708902E-3,-2.764982781E-1,2.765934880E-1,-9.150338502E1
6.000000000E0,-1.276230623E-2,-2.789896106E-1,2.792813622E-1,-9.261915443E1
6.008333333E0,-1.807503984E-2,-2.802591162E-1,2.808413774E-1,-9.369012505E1
6.016666667E0,-2.463614206E-2,-2.822225017E-1,2.832957465E-1,-9.498889306E1
6.025000000E0,-3.285389410E-2,-2.826854374E-1,2.845881847E-1,-9.662921380E1
6.033333333E0,-3.873802649E-2,-2.842731863E-1,2.869004690E-1,-9.775992255E1
6.041666667E0,-4.367830748E-2,-2.853027253E-1,2.886268172E-1,-9.870409245E1
6.050000000E0,-5.063307350E-2,-2.847949591E-1,2.892609148E-1,-1.000811555E2
6.058333333E0,-5.826331470E-2,-2.871590245E-1,2.930101009E-1,-1.014693703E2
6.066666667E0,-6.349256620E-2,-2.869444486E-1,2.938850499E-1,-1.024768764E2
6.075000000E0,-7.014162724E-2,-2.873200208E-1,2.957577425E-1,-1.037189260E2
6.083333333E0,-7.646936544E-2,-2.877059897E-1,2.976949787E-1,-1.048845106E2
6.091666667E0,-8.325326884E-2,-2.876377391E-1,2.994437773E-1,-1.061424480E2
6.100000000E0,-8.991298155E-2,-2.876417316E-1,3.013670686E-1,-1.073585505E2
6.108333333E0,-9.675494181E-2,-2.873282878E-1,3.031815690E-1,-1.086104403E2
6.116666667E0,-1.032020535E-1,-2.862754906E-1,3.043095798E-1,-1.098241872E2
6.125000000E0,-1.106601512E-1,-2.858828016E-1,3.065528426E-1,-1.111605349E2
6.133333333E0,-1.171097246E-1,-2.851875824E-1,3.082963587E-1,-1.123250652E2
6.141666667E0,-1.234801551E-1,-2.840609095E-1,3.097385172E-1,-1.134943945E2
6.150000000E0,-1.294517121E-1,-2.839812800E-1,3.120947183E-1,-1.145056776E2
6.158333333E0,-1.360570495E-1,-2.832783745E-1,3.142581076E-1,-1.156547189E2
6.166666667E0,-1.418919785E-1,-2.812680720E-1,3.150318426E-1,-1.167696838E2
6.175000000E0,-1.470418100E-1,-2.790369810E-1,3.154091480E-1,-1.177875144E2
6.183333333E0,-1.528136527E-1,-2.785254830E-1,3.176923939E-1,-1.187514769E2
6.191666667E0,-1.583707779E-1,-2.762067937E-1,3.183889071E-1,-1.198289918E2
6.200000000E0,-1.632662254E-1,-2.760563893E-1,3.207226067E-1,-1.206010659E2
6.208333333E0,-1.687619675E-1,-2.745974073E-1,3.223109334E-1,-1.215740359E2
6.216666667E0,-1.734724135E-1,-2.730367444E-1,3.234837585E-1,-1.224296145E2
6.225000000E0,-1.777626738E-1,-2.708378889E-1,3.239640879E-1,-1.232786303E2
6.233333333E0,-1.818765475E-1,-2.697561944E-1,3.253421014E-1,-1.239888597E2
6.241666667E0,-1.860567028E-1,-2.686238822E-1,3.267657980E-1,-1.247075982E2
6.250000000E0,-1.902733129E-1,-2.673577749E-1,3.281525764E-1,-1.254387162E2
6.258333333E0,-1.934144532E-1,-2.669318502E-1,3.296388378E-1,-1.259264723E2
6.266666667E0,-1.965785234E-1,-2.656771018E-1,3.304957462E-1,-1.264983011E2
6.275000000E0,-1.999925821E-1,-2.627763337E-1,3.302248241E-1,-1.272738675E2
6.283333333E0,-2.022215543E-1,-2.621105904E-1,3.310521389E-1,-1.276506294E2
6.291666667E0,-2.043208843E-1,-2.608912790E-1,3.313778556E-1,-1.280667996E2
6.300000000E0,-2.073843051E-1,-2.610588222E-1,3.334065966E-1,-1.284635182E2
6.308333333E0,-2.104923886E-1,-2.591164172E-1,3.338388283E-1,-1.290885707E2
6.316666667E0,-2.107900655E-1,-2.590139085E-1,3.339470864E-1,-1.291393014E2
6.325000000E0,-2.109192286E-1,-2.584366923E-1,3.335812419E-1,-1.292190879E2
6.333333333E0,-2.124308749E-1,-2.584275212E-1,3.345320019E-1,-1.294206615E2
6.341666667E0,-2.130779679E-1,-2.585748348E-1,3.350569587E-1,-1.294901464E2
6.350000000E0,-2.130128462E-1,-2.584625341E-1,3.349288793E-1,-1.294937663E2
6.358333333E0,-2.129702641E-1,-2.583988843E-1,3.348526792E-1,-1.294950702E2
6.366666667E0,-2.128578907E-1,-2.589183436E-1,3.351823239E-1,-1.294237717E2
6.375000000E0,-2.124660189E-1,-2.590068525E-1,3.350020281E-1,-1.293623857E2
6.383333333E0,-2.127272646E-1,-2.592623492E-1,3.353652558E-1,-1.293692094E2
6.391666667E0,-2.108811264E-1,-2.601571943E-1,3.348919456E-1,-1.290279195E2
6.400000000E0,-2.103839181E-1,-2.600879272E-1,3.345252200E-1,-1.289692350E2
6.408333333E0,-2.084330644E-1,-2.606386436E-1,3.337316960E-1,-1.286493715E2
6.416666667E0,-2.063040983E-1,-2.612974417E-1,3.329230151E-1,-1.282924115E2
6.425000000E0,-2.042249779E-1,-2.627504406E-1,3.327846685E-1,-1.278564361E2
6.433333333E0,-2.020719050E-1,-2.648720684E-1,3.331520185E-1,-1.273401473E2
6.441666667E0,-1.988053182E-1,-2.652276651E-1,3.314653358E-1,-1.268539353E2
6.450000000E0,-1.959988770E-1,-2.664946858E-1,3.308095787E-1,-1.263333706E2
6.458333333E0,-1.922185769E-1,-2.674570977E-1,3.293649654E-1,-1.257044013E2
6.466666667E0,-1.885721012E-1,-2.690915452E-1,3.285874268E-1,-1.250217357E2
6.475000000E0,-1.849277221E-1,-2.698560598E-1,3.271399631E-1,-1.244221712E2
6.483333333E0,-1.809240764E-1,-2.718534518E-1,3.265544682E-1,-1.236445838E2
6.491666667E0,-1.768280674E-1,-2.735277390E-1,3.257078283E-1,-1.228815432E2
6.500000000E0,-1.722331417E-1,-2.755067638E-1,3.249126529E-1,-1.220115762E2
6.508333333E0,-1.676977978E-1,-2.770347210E-1,3.238375951E-1,-1.211878335E2
6.516666667E0,-1.633051902E-1,-2.780118964E-1,3.224270455E-1,-1.204301297E2
6.525000000E0,-1.574630032E-1,-2.788648084E-1,3.202501815E-1,-1.194515549E2
6.533333333E0,-1.513285744E-1,-2.804012751E-1,3.186302128E-1,-1.183551045E2
6.541666667E0,-1.449519057E-1,-2.822383598E-1,3.172846462E-1,-1.171841141E2
6.550000000E0,-1.393405560E-1,-2.833849467E-1,3.157891996E-1,-1.161833745E2
6.558333333E0,-1.332102505E-1,-2.854429405E-1,3.149962589E-1,-1.150174778E2
6.566666667E0,-1.269804099E-1,-2.862682264E-1,3.131669234E-1,-1.139207067E2
6.575000000E0,-1.208526504E-1,-2.864080329E-1,3.108615841E-1,-1.128777853E2
6.583333333E0,-1.146465220E-1,-2.872584773E-1,3.092915418E-1,-1.117572283E2
6.591666667E0,-1.080815336E-1,-2.878797007E-1,3.075001463E-1,-1.105781404E2
6.600000000E0,-1.017836976E-1,-2.881037039E-1,3.055546847E-1,-1.094577238E2
6.608333333E0,-9.536919016E-2,-2.886106634E-1,3.039595326E-1,-1.082857435E2
6.616666667E0,-8.822370623E-2,-2.897742323E-1,3.029067976E-1,-1.069332220E2
6.625000000E0,-8.124012653E-2,-2.899342567E-1,3.011010318E-1,-1.056529724E2
6.633333333E0,-7.380838307E-2,-2.894281398E-1,2.986910202E-1,-1.043063339E2
6.641666667E0,-6.742345256E-2,-2.895324971E-1,2.972793111E-1,-1.031088471E2
6.650000000E0,-6.107646341E-2,-2.883148794E-1,2.947130877E-1,-1.019606825E2
6.658333333E0,-5.411757594E-2,-2.876708520E-1,2.927169813E-1,-1.006541483E2
6.666666667E0,-4.739894950E-2,-2.878905860E-1,2.917664304E-1,-9.934942880E1
6.675000000E0,-4.110304292E-2,-2.874689122E-1,2.903925543E-1,-9.813714476E1
6.683333333E0,-3.395943146E-2,-2.871651646E-1,2.891661715E-1,-9.674433199E1
6.691666667E0,-2.806914373E-2,-2.843603450E-1,2.857423361E-1,-9.563739092E1
6.700000000E0,-2.333052352E-2,-2.841221524E-1,2.850784293E-1,-9.469427733E1
6.708333333E0,-1.666210771E-2,-2.835890727E-1,2.840781371E-1,-9.336251386E1
6.716666667E0,-1.209845569E-2,-2.804865449E-1,2.807473499E-1,-9.246985476E1
6.725000000E0,-6.909264054E-3,-2.781428929E-1,2.782286951E-1,-9.142297461E1
6.733333333E0,-1.489556982E-3,-2.777242640E-1,2.777282585E-1,-9.030729944E1
6.741666667E0,2.899162842E-3,-2.761369323E-1,2.761521511E-1,-8.939847347E1
6.750000000E0,8.195920752E-3,-2.750095332E-1,2.751316348E-1,-8.829295839E1
6.758333333E0,1.221882448E-2,-2.733429343E-1,2.736158976E-1,-8.744049970E1
6.766666667E0,1.661089635E-2,-2.711423456E-1,2.716506828E-1,-8.649429058E1
6.775000000E0,2.038753420E-2,-2.695524198E-1,2.703223235E-1,-8.567468241E1
6.783333333E0,2.409171540E-2,-2.680907775E-1,2.691710901E-1,-8.486496393E1
6.791666667E0,2.745442907E-2,-2.661887822E-1,2.676008472E-1,-8.411139537E1
6.800000000E0,2.959058596E-2,-2.638224164E-1,2.654766848E-1,-8.360039452E1
6.808333333E0,3.271589870E-2,-2.623754954E-1,2.644073196E-1,-8.289240864E1
6.816666667E0,3.537713713E-2,-2.616010932E-1,2.639823361E-1,-8.229843382E1
6.825000000E0,3.835751060E-2,-2.601782205E-1,2.629905037E-1,-8.161341999E1
6.833333333E0,4.089769118E-2,-2.588371543E-1,2.620482658E-1,-8.102118221E1
6.841666667E0,4.288159597E-2,-2.579991465E-1,2.615385074E-1,-8.056323314E1
6.850000000E0,4.262655441E-2,-2.562334025E-1,2.597548453E-1,-8.055486899E1
6.858333333E0,4.399795772E-2,-2.561231039E-1,2.598747094E-1,-8.025261632E1
6.866666667E0,4.511902339E-2,-2.555255476E-1,2.594783839E-1,-7.998630564E1
6.875000000E0,4.655585296E-2,-2.547582598E-1,2.589772546E-1,-7.964374653E1
6.883333333E0,4.595397306E-2,-2.541383555E-1,2.582596975E-1,-7.975037722E1
6.891666667E0,4.581725614E-2,-2.542470564E-1,2.583423826E-1,-7.978450444E1
6.900000000E0,4.519590664E-2,-2.548256931E-1,2.588026349E-1,-7.994260250E1
6.908333333E0,4.461294918E-2,-2.549577708E-1,2.588315671E-1,-8.007477076E1
6.916666667E0,4.340338585E-2,-2.553097854E-1,2.589728566E-1,-8.035179714E1
6.925000000E0,4.353139962E-2,-2.564923584E-1,2.601601673E-1,-8.036765258E1
6.933333333E0,4.107449758E-2,-2.584641869E-1,2.617075663E-1,-8.097020453E1
6.941666667E0,3.969086075E-2,-2.590693330E-1,2.620921283E-1,-8.128969620E1
6.950000000E0,3.793549083E-2,-2.593144770E-1,2.620746066E-1,-8.167715517E1
6.958333333E0,3.546708630E-2,-2.599117079E-1,2.623204340E-1,-8.222951432E1
6.966666667E0,3.308840249E-2,-2.617522219E-1,2.638353047E-1,-8.279538781E1
6.975000000E0,2.985779551E-2,-2.626653040E-1,2.643568608E-1,-8.351488790E1
6.983333333E0,2.673852116E-2,-2.644461513E-1,2.657944985E-1,-8.422636565E1
6.991666667E0,2.273278237E-2,-2.658942030E-1,2.668642100E-1,-8.511334660E1
7.000000000E0,1.883188790E-2,-2.675315439E-1,2.681935253E-1,-8.597351828E1
7.008333333E0,1.431947318E-2,-2.689272237E-1,2.693081859E-1,-8.695207013E1
7.016666667E0,1.024144264E-2,-2.706540333E-1,2.708477301E-1,-8.783298401E1
7.025000000E0,5.782806850E-3,-2.723805453E-1,2.724419247E-1,-8.878375800E1
7.033333333E0,1.090893743E-3,-2.735644462E-1,2.735666213E-1,-8.977152266E1
7.041666667E0,-3.944122616E-3,-2.756022191E-1,2.756304397E-1,-9.081989962E1
7.050000000E0,-9.250500993E-3,-2.762274684E-1,2.763823187E-1,-9.191804481E1
7.058333333E0,-1.367625299E-2,-2.786902421E-1,2.790256098E-1,-9.280943985E1
7.066666667E0,-1.995178885E-2,-2.804772158E-1,2.811859571E-1,-9.406888997E1
7.075000000E0,-2.565866586E-2,-2.802178741E-1,2.813901635E-1,-9.523180415E1
7.083333333E0,-3.055429152E-2,-2.819086582E-1,2.835596169E-1,-9.618578008E1
7.091666667E0,-3.784560801E-2,-2.829878246E-1,2.855072660E-1,-9.761730000E1
7.100000000E0,-4.406047181E-2,-2.844823808E-1,2.878741915E-1,-9.880398734E1
7.108333333E0,-5.031883622E-2,-2.846968754E-1,2.891094882E-1,-1.000232438E2
7.116666667E0,-5.675072034E-2,-2.850294043E-1,2.906241655E-1,-1.012606051E2
7.125000000E0,-6.329585264E-2,-2.857507637E-1,2.926770642E-1,-1.024897621E2
7.133333333E0,-6.993918428E-2,-2.859186366E-1,2.943483587E-1,-1.037453372E2
7.141666667E0,-7.650832879E-2,-2.867314631E-1,2.967633001E-1,-1.049401114E2
7.150000000E0,-8.287770770E-2,-2.870372301E-1,2.987625912E-1,-1.061052823E2
7.158333333E0,-8.937346092E-2,-2.859057294E-1,2.995491639E-1,-1.073591220E2
7.166666667E0,-9.542399042E-2,-2.856199286E-1,3.011386418E-1,-1.084741801E2
7.175000000E0,-1.016551425E-1,-2.853019656E-1,3.028712260E-1,-1.096113491E2
7.183333333E0,-1.085035519E-1,-2.852438590E-1,3.051836822E-1,-1.108262512E2
7.191666667E0,-1.143754006E-1,-2.852839057E-1,3.073575103E-1,-1.118467288E2
7.200000000E0,-1.219509284E-1,-2.842004664E-1,3.092603014E-1,-1.132242577E2
7.208333333E0,-1.278933568E-1,-2.834997563E-1,3.110125762E-1,-1.142812468E2
7.216666667E0,-1.340409087E-1,-2.831338756E-1,3.132598868E-1,-1.153337561E2
7.225000000E0,-1.404757937E-1,-2.829142500E-1,3.158701022E-1,-1.164058393E2
7.233333333E0,-1.458593096E-1,-2.813692324E-1,3.169283565E-1,-1.174018221E2
7.241666667E0,-1.521942086E-1,-2.791184361E-1,3.179153637E-1,-1.186021990E2
7.250000000E0,-1.565066968E-1,-2.787479054E-1,3.196791218E-1,-1.193126084E2
7.258333333E0,-1.616774493E-1,-2.766320097E-1,3.204135865E-1,-1.203041307E2
7.266666667E0,-1.667544409E-1,-2.756511872E-1,3.221655173E-1,-1.211717277E2
7.275000000E0,-1.713817082E-1,-2.739769409E-1,3.231641287E-1,-1.220273519E2
7.283333333E0,-1.757882012E-1,-2.725414762E-1,3.243151984E-1,-1.228218600E2
7.291666667E0,-1.798214364E-1,-2.716266307E-1,3.257556990E-1,-1.235052348E2
7.300000000E0,-1.829322609E-1,-2.691040101E-1,3.253938849E-1,-1.242071891E2
7.308333333E0,-1.870967249E-1,-2.682502913E-1,3.270526002E-1,-1.248946450E2
7.316666667E0,-1.901395074E-1,-2.667267686E-1,3.275609888E-1,-1.254836455E2
7.325000000E0,-1.933237532E-1,-2.653765208E-1,3.283272321E-1,-1.260729089E2
7.333333333E0,-1.965735912E-1,-2.642948504E-1,3.293826721E-1,-1.266406258E2
7.341666667E0,-2.000563776E-1,-2.634682969E-1,3.308142949E-1,-1.272100784E2
7.350000000E0,-2.020478496E-1,-2.626004833E-1,3.313341928E-1,-1.275750995E2
7.358333333E0,-2.044536329E-1,-2.616010539E-1,3.320186733E-1,-1.280093136E2
7.366666667E0,-2.062515542E-1,-2.610014941E-1,3.326582083E-1,-1.283168951E2
7.375000000E0,-2.082150430E-1,-2.601976767E-1,3.332511591E-1,-1.286674476E2
7.383333333E0,-2.093278962E-1,-2.592236881E-1,3.331892684E-1,-1.289215126E2
7.391666667E0,-2.104337569E-1,-2.585428888E-1,3.333568529E-1,-1.291429028E2
7.400000000E0,-2.114098575E-1,-2.580649432E-1,3.336040209E-1,-1.293247402E2
7.408333333E0,-2.115869621E-1,-2.587497214E-1,3.342461082E-1,-1.292738373E2
7.416666667E0,-2.117242978E-1,-2.585420747E-1,3.341723847E-1,-1.293146029E2
7.425000000E0,-2.143659680E-1,-2.588230147E-1,3.360686257E-1,-1.296327028E2
7.433333333E0,-2.141552554E-1,-2.586946074E-1,3.358353367E-1,-1.296189905E2
7.441666667E0,-2.137961267E-1,-2.587780340E-1,3.356707534E-1,-1.295626905E2
7.450000000E0,-2.123501580E-1,-2.595013853E-1,3.353111370E-1,-1.292934858E2
7.458333333E0,-2.110249367E-1,-2.600863776E-1,3.349275260E-1,-1.290546594E2
7.466666667E0,-2.092735903E-1,-2.607605678E-1,3.343523730E-1,-1.287488117E2
7.475000000E0,-2.076153584E-1,-2.620680755E-1,3.343408638E-1,-1.283869407E2
7.483333333E0,-2.051998195E-1,-2.622504662E-1,3.329898991E-1,-1.280416664E2
7.491666667E0,-2.027032928E-1,-2.630856447E-1,3.321184749E-1,-1.276136781E2
7.500000000E0,-2.007315897E-1,-2.642921078E-1,3.318787268E-1,-1.272169088E2
7.508333333E0,-1.980823632E-1,-2.662313415E-1,3.318369326E-1,-1.266501126E2
7.516666667E0,-1.952815987E-1,-2.680465227E-1,3.316381178E-1,-1.260746935E2
7.525000000E0,-1.922236212E-1,-2.697291057E-1,3.312155054E-1,-1.254757376E2
7.533333333E0,-1.878769951E-1,-2.705447192E-1,3.293815575E-1,-1.247776482E2
7.541666667E0,-1.839549823E-1,-2.715096882E-1,3.279587570E-1,-1.241186769E2
7.550000000E0,-1.796999852E-1,-2.752611402E-1,3.287259953E-1,-1.231378907E2
7.558333333E0,-1.753934417E-1,-2.757781539E-1,3.268278592E-1,-1.224561438E2
7.566666667E0,-1.704111102E-1,-2.778883967E-1,3.259783850E-1,-1.215181159E2
7.575000000E0,-1.650389233E-1,-2.794048991E-1,3.245072324E-1,-1.205695027E2
7.583333333E0,-1.601427800E-1,-2.798066035E-1,3.223933085E-1,-1.197839654E2
7.591666667E0,-1.546978400E-1,-2.814120390E-1,3.211295025E-1,-1.187984775E2
7.600000000E0,-1.490824962E-1,-2.841903769E-1,3.209201786E-1,-1.176809066E2
7.608333333E0,-1.429121246E-1,-2.843614209E-1,3.182535044E-1,-1.166828275E2
7.616666667E0,-1.374645072E-1,-2.856833503E-1,3.170354355E-1,-1.156958304E2
7.625000000E0,-1.305660261E-1,-2.867446437E-1,3.150713854E-1,-1.144816260E2
7.633333333E0,-1.248328539E-1,-2.873460934E-1,3.132906299E-1,-1.134817553E2
7.641666667E0,-1.188356780E-1,-2.877296646E-1,3.113041571E-1,-1.124411912E2
7.650000000E0,-1.122364894E-1,-2.892936798E-1,3.103028564E-1,-1.112046250E2
7.658333333E0,-1.065194359E-1,-2.888428399E-1,3.078580458E-1,-1.102429609E2
7.666666667E0,-9.785235193E-2,-2.895836942E-1,3.056694272E-1,-1.086704700E2
7.675000000E0,-9.268039835E-2,-2.904303078E-1,3.048596725E-1,-1.076986149E2
7.683333333E0,-8.562564247E-2,-2.906341709E-1,3.029851019E-1,-1.064158470E2
7.691666667E0,-7.872610658E-2,-2.905699984E-1,3.010460494E-1,-1.051595912E2
7.700000000E0,-7.219767932E-2,-2.902590807E-1,2.991033915E-1,-1.039680237E2
7.708333333E0,-6.581530444E-2,-2.888368406E-1,2.962404003E-1,-1.028364352E2
7.716666667E0,-5.927984723E-2,-2.885026579E-1,2.945299372E-1,-1.016111966E2
7.725000000E0,-5.280302917E-2,-2.885456637E-1,2.933372802E-1,-1.003702202E2
7.733333333E0,-4.697669985E-2,-2.877272269E-1,2.915369058E-1,-9.927276200E1
7.741666667E0,-4.033250974E-2,-2.856781697E-1,2.885112268E-1,-9.803600056E1
7.750000000E0,-3.245440027E-2,-2.846270771E-1,2.864713967E-1,-9.650501590E1
7.758333333E0,-2.723713374E-2,-2.838712052E-1,2.851748983E-1,-9.548069012E1
7.766666667E0,-1.926004175E-2,-2.828995237E-1,2.835543858E-1,-9.389473577E1
7.775000000E0,-1.477611540E-2,-2.803320264E-1,2.807211759E-1,-9.301723042E1
7.783333333E0,-9.860796222E-3,-2.785039188E-1,2.786784314E-1,-9.202778509E1
7.791666667E0,-4.479540965E-3,-2.784688750E-1,2.785049023E-1,-9.092159907E1
7.800000000E0,-1.045296202E-3,-2.763439796E-1,2.763459566E-1,-9.021672546E1
7.808333333E0,4.988554609E-3,-2.745673219E-1,2.746126361E-1,-8.895911983E1
7.816666667E0,9.387800488E-3,-2.724395695E-1,2.726012653E-1,-8.802646653E1
7.825000000E0,1.337312146E-2,-2.712283762E-1,2.715578621E-1,-8.717727392E1
7.833333333E0,1.701414515E-2,-2.688704540E-1,2.694082444E-1,-8.637914614E1
7.841666667E0,1.999335267E-2,-2.679495779E-1,2.686944556E-1,-8.573272008E1
7.850000000E0,2.428444046E-2,-2.661322316E-1,2.672379066E-1,-8.478622597E1
7.858333333E0,2.647781460E-2,-2.643028029E-1,2.656257636E-1,-8.427920454E1
7.866666667E0,2.939073109E-2,-2.634454415E-1,2.650798289E-1,-8.363424097E1
7.875000000E0,3.224405582E-2,-2.616714333E-1,2.636505607E-1,-8.297522851E1
7.883333333E0,3.412671785E-2,-2.600605221E-1,2.622901219E-1,-8.252401809E1
7.891666667E0,3.659647343E-2,-2.587927468E-1,2.613675337E-1,-8.195104263E1
7.900000000E0,3.826736532E-2,-2.581702859E-1,2.609909726E-1,-8.156870609E1
7.908333333E0,4.031006491E-2,-2.569781948E-1,2.601205373E-1,-8.108512530E1
7.916666667E0,4.094915705E-2,-2.559505642E-1,2.592055647E-1,-8.091036331E1
7.925000000E0,4.265313343E-2,-2.550058583E-1,2.585484047E-1,-8.050441771E1
7.933333333E0,4.313800548E-2,-2.547041382E-1,2.583313483E-1,-8.038731073E1
7.941666667E0,4.280332357E-2,-2.551380363E-1,2.587035796E-1,-8.047643981E1
7.950000000E0,4.294262732E-2,-2.549869668E-1,2.585776914E-1,-8.044045984E1
7.958333333E0,4.268629854E-2,-2.549630192E-1,2.585116269E-1,-8.049560145E1
7.966666667E0,4.243523160E-2,-2.547887208E-1,2.582983568E-1,-8.054414453E1
7.975000000E0,4.148314044E-2,-2.550693923E-1,2.584206761E-1,-8.076259334E1
7.983333333E0,4.012019431E-2,-2.556270992E-1,2.587563407E-1,-8.108029859E1
7.991666667E0,3.839627176E-2,-2.559805259E-1,2.588441680E-1,-8.146941107E1
8.000000000E0,3.742264060E-2,-2.570533556E-1,2.597631261E-1,-8.171689074E1
8.008333333E0,3.521463254E-2,-2.581092761E-1,2.605004199E-1,-8.223093022E1
8.016666667E0,3.311538675E-2,-2.591494946E-1,2.612567500E-1,-8.271793087E1
8.025000000E0,3.079171762E-2,-2.605136902E-1,2.623271101E-1,-8.325913354E1
8.033333333E0,2.790951714E-2,-2.615460609E-1,2.630309546E-1,-8.390903062E1
8.041666667E0,2.487086476E-2,-2.634482308E-1,2.646195953E-1,-8.460696801E1
8.050000000E0,2.245045401E-2,-2.644841024E-1,2.654352337E-1,-8.514813891E1
8.058333333E0,1.706869989E-2,-2.666082792E-1,2.671541036E-1,-8.633682947E1
8.066666667E0,1.345133150E-2,-2.683092935E-1,2.686462643E-1,-8.712995479E1
8.075000000E0,9.327949416E-3,-2.696625979E-1,2.698238821E-1,-8.801886089E1
8.083333333E0,5.064800771E-3,-2.716539238E-1,2.717011345E-1,-8.893188331E1
8.091666667E0,-4.153414558E-4,-2.735445172E-1,2.735448326E-1,-9.008699606E1
8.100000000E0,-6.398815117E-3,-2.758878502E-1,2.759620458E-1,-9.132865358E1
8.108333333E0,-1.022416078E-2,-2.768687788E-1,2.770574925E-1,-9.211484734E1
8.116666667E0,-1.497999489E-2,-2.781687287E-1,2.785717895E-1,-9.308252560E1
8.125000000E0,-2.006651510E-2,-2.791826360E-1,2.799028569E-1,-9.411111833E1
8.133333333E0,-2.530221981E-2,-2.816699652E-1,2.828041223E-1,-9.513306341E1
8.141666667E0,-3.039946885E-2,-2.828423968E-1,2.844713503E-1,-9.613451401E1
8.150000000E0,-3.617045250E-2,-2.836982623E-1,2.859947651E-1,-9.726579462E1
8.158333333E0,-4.414503548E-2,-2.838691601E-1,2.872811936E-1,-9.883937296E1
8.166666667E0,-5.030686880E-2,-2.844833095E-1,2.888971001E-1,-1.000282785E2
8.175000000E0,-5.720293566E-2,-2.859347870E-1,2.916005457E-1,-1.013130110E2
8.183333333E0,-6.175789879E-2,-2.858064122E-1,2.924027074E-1,-1.021931751E2
8.191666667E0,-6.824552478E-2,-2.865869206E-1,2.946006021E-1,-1.033944926E2
8.200000000E0,-7.448153407E-2,-2.872430373E-1,2.967424159E-1,-1.045365329E2
8.208333333E0,-8.078719719E-2,-2.874784751E-1,2.986142074E-1,-1.056964243E2
8.216666667E0,-8.730962449E-2,-2.877578249E-1,3.007117163E-1,-1.068785085E2
8.225000000E0,-9.366489577E-2,-2.871809370E-1,3.020695339E-1,-1.080638871E2
8.233333333E0,-9.983953594E-2,-2.877174407E-1,3.045476295E-1,-1.091370557E2
8.241666667E0,-1.066100009E-1,-2.877150889E-1,3.068316553E-1,-1.103316921E2
8.250000000E0,-1.129259245E-1,-2.868336303E-1,3.082625437E-1,-1.114894775E2
8.258333333E0,-1.191310866E-1,-2.858046908E-1,3.096393661E-1,-1.126276877E2
8.266666667E0,-1.256508597E-1,-2.852173815E-1,3.116682423E-1,-1.137756116E2
8.275000000E0,-1.315622781E-1,-2.842963076E-1,3.132619088E-1,-1.148330309E2
8.283333333E0,-1.373054201E-1,-2.835718383E-1,3.150647011E-1,-1.158362552E2
8.291666667E0,-1.427108040E-1,-2.825590671E-1,3.165533130E-1,-1.167967606E2
8.300000000E0,-1.480794767E-1,-2.828889504E-1,3.193018786E-1,-1.176300085E2
8.308333333E0,-1.534644607E-1,-2.813588444E-1,3.204904679E-1,-1.186098319E2
8.316666667E0,-1.585163011E-1,-2.798285599E-1,3.216075880E-1,-1.195305339E2
8.325000000E0,-1.629047358E-1,-2.787171564E-1,3.228330934E-1,-1.203054520E2
8.333333333E0,-1.679087711E-1,-2.780103370E-1,3.247816234E-1,-1.211305458E2
8.341666667E0,-1.724673108E-1,-2.759393339E-1,3.254035791E-1,-1.220061637E2
8.350000000E0,-1.763266694E-1,-2.745822328E-1,3.263226883E-1,-1.227070934E2
8.358333333E0,-1.800166900E-1,-2.725119720E-1,3.266018732E-1,-1.234480603E2
8.366666667E0,-1.840780763E-1,-2.712904964E-1,3.278464147E-1,-1.241579732E2
8.375000000E0,-1.879367698E-1,-2.708341565E-1,3.296534086E-1,-1.247574874E2
8.383333333E0,-1.914330028E-1,-2.690882577E-1,3.302348937E-1,-1.254285581E2
8.391666667E0,-1.938351920E-1,-2.682341498E-1,3.309405397E-1,-1.258531659E2
8.400000000E0,-1.970381248E-1,-2.676960238E-1,3.323931163E-1,-1.263549912E2
8.408333333E0,-1.991109986E-1,-2.664385091E-1,3.326179023E-1,-1.267709692E2
8.416666667E0,-2.020299731E-1,-2.660696445E-1,3.340795799E-1,-1.272098522E2
8.425000000E0,-2.055759086E-1,-2.621181796E-1,3.331176883E-1,-1.281066326E2
8.433333333E0,-2.071368863E-1,-2.614536851E-1,3.335621669E-1,-1.283880528E2
8.441666667E0,-2.092589924E-1,-2.608637239E-1,3.344236959E-1,-1.287357993E2
8.450000000E0,-2.102235629E-1,-2.607897714E-1,3.349705229E-1,-1.288724110E2
8.458333333E0,-2.103168119E-1,-2.608446086E-1,3.350717404E-1,-1.288789402E2
8.466666667E0,-2.110446739E-1,-2.603413789E-1,3.351380133E-1,-1.290298119E2
8.475000000E0,-2.115723794E-1,-2.614767415E-1,3.363524314E-1,-1.289778510E2
8.483333333E0,-2.113380517E-1,-2.609145079E-1,3.357680040E-1,-1.290071146E2
8.491666667E0,-2.101677809E-1,-2.615332672E-1,3.355147477E-1,-1.287853119E2
8.500000000E0,-2.100772669E-1,-2.611658594E-1,3.351716936E-1,-1.288125929E2
8.508333333E0,-2.095401620E-1,-2.610890502E-1,3.347754047E-1,-1.287492052E2
8.516666667E0,-2.083108468E-1,-2.616638650E-1,3.344568539E-1,-1.285233293E2
8.525000000E0,-2.071739417E-1,-2.625953056E-1,3.344806969E-1,-1.282715902E2
8.533333333E0,-2.050878950E-1,-2.633981464E-1,3.338257452E-1,-1.279051509E2
8.541666667E0,-2.032697040E-1,-2.645861446E-1,3.336531140E-1,-1.275334617E2
8.550000000E0,-2.005549342E-1,-2.648386392E-1,3.322074449E-1,-1.271356340E2
8.558333333E0,-1.972444069E-1,-2.669276452E-1,3.318971585E-1,-1.264623015E2
8.566666667E0,-1.960956858E-1,-2.691165540E-1,3.329823383E-1,-1.260794958E2
8.575000000E0,-1.930897529E-1,-2.693334117E-1,3.313972530E-1,-1.256373894E2
8.583333333E0,-1.893093130E-1,-2.702683598E-1,3.299742449E-1,-1.250092979E2
8.591666667E0,-1.863256324E-1,-2.717606830E-1,3.295013051E-1,-1.244354686E2
8.600000000E0,-1.818413503E-1,-2.734838465E-1,3.284199918E-1,-1.236202152E2
8.608333333E0,-1.768965979E-1,-2.741609211E-1,3.262769024E-1,-1.228312841E2
8.616666667E0,-1.739804620E-1,-2.760485938E-1,3.263005168E-1,-1.222213048E2
8.625000000E0,-1.695985198E-1,-2.777709595E-1,3.254540887E-1,-1.214069727E2
8.633333333E0,-1.643265193E-1,-2.795484840E-1,3.242692706E-1,-1.204482188E2
8.641666667E0,-1.590181557E-1,-2.801794382E-1,3.221603505E-1,-1.195774355E2
8.650000000E0,-1.530732646E-1,-2.828508964E-1,3.216147602E-1,-1.184213682E2
8.658333333E0,-1.468889839E-1,-2.835963235E-1,3.193794738E-1,-1.173819406E2
8.666666667E0,-1.422380381E-1,-2.845946318E-1,3.181599659E-1,-1.165555031E2
8.675000000E0,-1.362389779E-1,-2.860542513E-1,3.168408020E-1,-1.154670460E2
8.683333333E0,-1.306195259E-1,-2.870472433E-1,3.153689592E-1,-1.144676899E2
8.691666667E0,-1.242969695E-1,-2.875312970E-1,3.132474795E-1,-1.133783565E2
8.700000000E0,-1.188237285E-1,-2.892687118E-1,3.127226664E-1,-1.123315267E2
8.708333333E0,-1.115746887E-1,-2.894896879E-1,3.102469831E-1,-1.110775869E2
8.716666667E0,-1.056957036E-1,-2.896033601E-1,3.082883194E-1,-1.100504196E2
8.725000000E0,-9.923997735E-2,-2.899357030E-1,3.064494819E-1,-1.088951885E2
8.733333333E0,-9.277511980E-2,-2.905331961E-1,3.049864930E-1,-1.077096911E2
8.741666667E0,-8.563347450E-2,-2.916671439E-1,3.039783130E-1,-1.063622391E2
8.750000000E0,-8.042032452E-2,-2.912957200E-1,3.021930262E-1,-1.054336549E2
8.758333333E0,-7.313255074E-2,-2.912803932E-1,3.003208908E-1,-1.040940739E2
8.766666667E0,-6.712440919E-2,-2.907224597E-1,2.983709686E-1,-1.030010929E2
8.775000000E0,-6.118649682E-2,-2.902602245E-1,2.966391500E-1,-1.019036049E2
8.783333333E0,-5.490097178E-2,-2.896339089E-1,2.947913124E-1,-1.007332453E2
