mass_A
t,x,y,r,θ
0.000000000E0,-2.496044800E-1,-2.406927552E-1,3.467497640E-1,-1.360413030E2
8.333333333E-3,-2.498325771E-1,-2.398067447E-1,3.462998576E-1,-1.361730218E2
1.666666667E-2,-2.490669458E-1,-2.388561694E-1,3.450892829E-1,-1.361988549E2
2.500000000E-2,-2.469613483E-1,-2.446574527E-1,3.476308052E-1,-1.352685059E2
3.333333333E-2,-2.456397825E-1,-2.453182356E-1,3.471598184E-1,-1.350375252E2
4.166666667E-2,-2.429966508E-1,-2.459790185E-1,3.457644428E-1,-1.346505451E2
5.000000000E-2,-2.390319533E-1,-2.479613673E-1,3.444141611E-1,-1.339495535E2
5.833333333E-2,-2.357280388E-1,-2.499437160E-1,3.435688715E-1,-1.333234236E2
6.666666667E-2,-2.317633413E-1,-2.519260648E-1,3.423170876E-1,-1.326129919E2
7.500000000E-2,-2.297809925E-1,-2.545691964E-1,3.429355338E-1,-1.320702573E2
8.333333333E-2,-2.264770780E-1,-2.558907623E-1,3.417191084E-1,-1.315105554E2
9.166666667E-2,-2.218515975E-1,-2.572123281E-1,3.396708893E-1,-1.307785317E2
1.000000000E-1,-2.165653342E-1,-2.598554598E-1,3.382682426E-1,-1.298080587E2
1.083333333E-1,-2.132614196E-1,-2.611770256E-1,3.371852189E-1,-1.292330040E2
1.166666667E-1,-2.099575051E-1,-2.624985914E-1,3.361363777E-1,-1.286543021E2
1.250000000E-1,-2.026888930E-1,-2.677848548E-1,3.358444815E-1,-1.271224240E2
1.333333333E-1,-1.967418468E-1,-2.704279864E-1,3.344228612E-1,-1.260366495E2
1.416666667E-1,-1.907948005E-1,-2.717495523E-1,3.320398697E-1,-1.250726139E2
1.500000000E-1,-1.848477543E-1,-2.757142497E-1,3.319443323E-1,-1.238391791E2
1.583333333E-1,-1.785071834E-1,-2.780004295E-1,3.303771381E-1,-1.227049736E2
1.666666667E-1,-1.715395375E-1,-2.799624406E-1,3.283363840E-1,-1.214967762E2
1.750000000E-1,-1.654816422E-1,-2.817473502E-1,3.267502766E-1,-1.204274434E2
1.833333333E-1,-1.575595858E-1,-2.842526432E-1,3.249993665E-1,-1.189993482E2
1.916666667E-1,-1.494703008E-1,-2.863086019E-1,3.229767582E-1,-1.175672655E2
2.000000000E-1,-1.410891328E-1,-2.880171987E-1,3.207180228E-1,-1.160985502E2
2.083333333E-1,-1.336953224E-1,-2.897394316E-1,3.190977554E-1,-1.147701569E2
2.166666667E-1,-1.260290625E-1,-2.909937760E-1,3.171130749E-1,-1.134173797E2
2.250000000E-1,-1.176059143E-1,-2.925848352E-1,3.153363869E-1,-1.118979036E2
2.333333333E-1,-1.093293161E-1,-2.945532700E-1,3.141886825E-1,-1.103634115E2
2.416666667E-1,-1.007779975E-1,-2.953968299E-1,3.121145493E-1,-1.088376604E2
2.500000000E-1,-9.232701939E-2,-2.960339056E-1,3.100973263E-1,-1.073216498E2
2.583333333E-1,-8.369373275E-2,-2.955106855E-1,3.071338570E-1,-1.058130386E2
2.666666667E-1,-7.541693185E-2,-2.957034449E-1,3.051692005E-1,-1.043078357E2
2.750000000E-1,-6.634482989E-2,-2.954977900E-1,3.028540578E-1,-1.026541424E2
2.833333333E-1,-5.786237583E-2,-2.956548659E-1,3.012637620E-1,-1.010733492E2
2.916666667E-1,-4.973966367E-2,-2.951011177E-1,2.992636025E-1,-9.956735059E1
3.000000000E-1,-4.075793427E-2,-2.945519860E-1,2.973585070E-1,-9.787814125E1
3.083333333E-1,-3.273818205E-2,-2.926949366E-1,2.945201428E-1,-9.638205627E1
3.166666667E-1,-2.448039087E-2,-2.916110080E-1,2.926367536E-1,-9.479865970E1
3.250000000E-1,-1.810126181E-2,-2.906200426E-1,2.911832153E-1,-9.356406207E1
3.333333333E-1,-8.940305315E-3,-2.884478669E-1,2.885863839E-1,-9.177528727E1
3.416666667E-1,-4.215844561E-4,-2.864343142E-1,2.864346244E-1,-9.008432995E1
3.500000000E-1,6.956397765E-3,-2.839641377E-1,2.840493319E-1,-8.859668008E1
3.583333333E-1,1.374433146E-2,-2.818342091E-1,2.821691480E-1,-8.720804373E1
3.666666667E-1,2.037408406E-2,-2.792498725E-1,2.799921331E-1,-8.582709107E1
3.750000000E-1,2.689485065E-2,-2.767100340E-1,2.780139851E-1,-8.444857021E1
3.833333333E-1,3.312429194E-2,-2.745303021E-1,2.765214377E-1,-8.312006101E1
3.916666667E-1,3.915086452E-2,-2.722880795E-1,2.750883284E-1,-8.181782125E1
4.000000000E-1,4.424618109E-2,-2.696593177E-1,2.732652048E-1,-8.068183817E1
4.083333333E-1,5.019587473E-2,-2.666599672E-1,2.713432585E-1,-7.933943229E1
4.166666667E-1,5.445942073E-2,-2.638617425E-1,2.694231758E-1,-7.833825814E1
4.250000000E-1,5.921184094E-2,-2.617577343E-1,2.683712979E-1,-7.725372467E1
4.333333333E-1,6.367426465E-2,-2.595866690E-1,2.672819686E-1,-7.621797330E1
4.416666667E-1,6.702090204E-2,-2.574937958E-1,2.660730279E-1,-7.541067096E1
4.500000000E-1,7.060330916E-2,-2.554562585E-1,2.650334456E-1,-7.455020140E1
4.583333333E-1,7.409462677E-2,-2.533698918E-1,2.639816580E-1,-7.369914892E1
4.666666667E-1,7.763888678E-2,-2.499261952E-1,2.617076610E-1,-7.274273637E1
4.750000000E-1,7.949892359E-2,-2.489899523E-1,2.613734401E-1,-7.229246246E1
4.833333333E-1,8.189603770E-2,-2.471036206E-1,2.603212636E-1,-7.166357140E1
4.916666667E-1,8.346845243E-2,-2.460275486E-1,2.598009569E-1,-7.125974139E1
5.000000000E-1,8.480093207E-2,-2.453169633E-1,2.595604180E-1,-7.093080511E1
5.083333333E-1,8.565298960E-2,-2.443048216E-1,2.588846857E-1,-7.067939237E1
5.166666667E-1,8.618717088E-2,-2.445832393E-1,2.593244867E-1,-7.058836809E1
5.250000000E-1,8.654546782E-2,-2.441523986E-1,2.590376647E-1,-7.048195037E1
5.333333333E-1,8.642581737E-2,-2.438791769E-1,2.587401685E-1,-7.048670925E1
5.416666667E-1,8.588024634E-2,-2.443932307E-1,2.590433707E-1,-7.063842773E1
5.500000000E-1,8.481526037E-2,-2.451827003E-1,2.594382102E-1,-7.091812701E1
5.583333333E-1,8.382146598E-2,-2.463705377E-1,2.602392745E-1,-7.121040148E1
5.666666667E-1,8.250999508E-2,-2.472683110E-1,2.606712813E-1,-7.154686295E1
5.750000000E-1,8.140484123E-2,-2.494554803E-1,2.624019528E-1,-7.192693487E1
5.833333333E-1,7.844653969E-2,-2.497826329E-1,2.618114270E-1,-7.256462274E1
5.916666667E-1,7.586915011E-2,-2.518960086E-1,2.630736153E-1,-7.323810069E1
6.000000000E-1,7.330951199E-2,-2.533291802E-1,2.637232605E-1,-7.386038160E1
6.083333333E-1,7.038031154E-2,-2.556049638E-1,2.651174943E-1,-7.460521418E1
6.166666667E-1,6.682800924E-2,-2.578405519E-1,2.663601566E-1,-7.546961385E1
6.250000000E-1,6.265715932E-2,-2.601572575E-1,2.675961850E-1,-7.645858385E1
6.333333333E-1,5.846839322E-2,-2.627554611E-1,2.691820673E-1,-7.745492482E1
6.416666667E-1,5.382575738E-2,-2.655169445E-1,2.709178104E-1,-7.854026205E1
6.500000000E-1,4.897204845E-2,-2.677909433E-1,2.722319798E-1,-7.963659648E1
6.583333333E-1,4.376452067E-2,-2.703214566E-1,2.738412372E-1,-8.080371803E1
6.666666667E-1,3.834217243E-2,-2.735825397E-1,2.762562727E-1,-8.202204699E1
6.750000000E-1,3.245264226E-2,-2.756719436E-1,2.775755653E-1,-8.328593014E1
6.833333333E-1,2.572463107E-2,-2.787372232E-1,2.799217681E-1,-8.472711473E1
6.916666667E-1,1.918625176E-2,-2.811739417E-1,2.818277803E-1,-8.609640272E1
7.000000000E-1,1.266125584E-2,-2.833184929E-1,2.836012620E-1,-8.744120419E1
7.083333333E-1,5.776309663E-3,-2.854029862E-1,2.854614340E-1,-8.884054126E1
7.166666667E-1,-1.742617767E-3,-2.875042252E-1,2.875095064E-1,-9.034727636E1
7.250000000E-1,-8.986977041E-3,-2.894215594E-1,2.895610554E-1,-9.177854911E1
7.333333333E-1,-2.032264659E-2,-2.919281190E-1,2.926346470E-1,-9.398223483E1
7.416666667E-1,-2.515063436E-2,-2.924999312E-1,2.935792298E-1,-9.491449516E1
7.500000000E-1,-3.355388837E-2,-2.941585139E-1,2.960660310E-1,-9.650745260E1
7.583333333E-1,-4.223333294E-2,-2.953066315E-1,2.983113491E-1,-9.813897628E1
7.666666667E-1,-5.116684115E-2,-2.960744258E-1,3.004631612E-1,-9.980486829E1
7.750000000E-1,-5.901326987E-2,-2.968906679E-1,3.026989176E-1,-1.012422111E2
7.833333333E-1,-6.742775588E-2,-2.971139817E-1,3.046690342E-1,-1.027862672E2
7.916666667E-1,-7.574579994E-2,-2.973428251E-1,3.068390161E-1,-1.042916882E2
8.000000000E-1,-8.380898029E-2,-2.972110484E-1,3.088014774E-1,-1.057476420E2
8.083333333E-1,-9.322996805E-2,-2.973331803E-1,3.116068790E-1,-1.074090181E2
8.166666667E-1,-1.017233806E-1,-2.967652667E-1,3.137152684E-1,-1.089203753E2
8.250000000E-1,-1.102735553E-1,-2.967257965E-1,3.165540322E-1,-1.103868050E2
8.333333333E-1,-1.184837366E-1,-2.955040450E-1,3.183724807E-1,-1.118485495E2
8.416666667E-1,-1.279047950E-1,-2.936985551E-1,3.203411897E-1,-1.135329736E2
8.500000000E-1,-1.362626100E-1,-2.922494360E-1,3.224550073E-1,-1.149974974E2
8.583333333E-1,-1.440993643E-1,-2.910550964E-1,3.247732993E-1,-1.163396934E2
8.666666667E-1,-1.520114206E-1,-2.894724942E-1,3.269584023E-1,-1.177054248E2
8.750000000E-1,-1.596477459E-1,-2.872857027E-1,3.286646889E-1,-1.190613973E2
8.833333333E-1,-1.676682910E-1,-2.851490559E-1,3.307909308E-1,-1.204556247E2
8.916666667E-1,-1.742334816E-1,-2.827219217E-1,3.320978638E-1,-1.216443475E2
9.000000000E-1,-1.815355193E-1,-2.801748408E-1,3.338459018E-1,-1.229406770E2
9.083333333E-1,-1.877794055E-1,-2.778464764E-1,3.353502193E-1,-1.240523503E2
9.166666667E-1,-1.941267244E-1,-2.756362082E-1,3.371357359E-1,-1.251565007E2
9.250000000E-1,-2.002977695E-1,-2.727344044E-1,3.383832913E-1,-1.262937818E2
9.333333333E-1,-2.063810179E-1,-2.706944428E-1,3.403947795E-1,-1.273223757E2
9.416666667E-1,-2.116150407E-1,-2.686047771E-1,3.419494871E-1,-1.282321187E2
9.500000000E-1,-2.167932007E-1,-2.652026087E-1,3.425371739E-1,-1.292647123E2
9.583333333E-1,-2.212205192E-1,-2.625628392E-1,3.433333114E-1,-1.301155834E2
9.666666667E-1,-2.264969869E-1,-2.608818386E-1,3.454854828E-1,-1.309644370E2
9.750000000E-1,-2.306726606E-1,-2.587911013E-1,3.466737811E-1,-1.317121178E2
9.833333333E-1,-2.340820389E-1,-2.559565913E-1,3.468546923E-1,-1.324441034E2
9.916666667E-1,-2.381687427E-1,-2.542714929E-1,3.483939467E-1,-1.331271007E2
1.000000000E0,-2.413671727E-1,-2.524981893E-1,3.493042337E-1,-1.337088540E2
1.008333333E0,-2.443310758E-1,-2.512086543E-1,3.504332498E-1,-1.342048449E2
1.016666667E0,-2.471368350E-1,-2.491824800E-1,3.509537342E-1,-1.347638493E2
1.025000000E0,-2.487181427E-1,-2.476419902E-1,3.509804408E-1,-1.351242221E2
1.033333333E0,-2.506690702E-1,-2.470006835E-1,3.519152176E-1,-1.354223268E2
1.041666667E0,-2.525541842E-1,-2.466300295E-1,3.530013985E-1,-1.356799356E2
1.050000000E0,-2.538172849E-1,-2.455076127E-1,3.531249099E-1,-1.359534177E2
1.058333333E0,-2.546770145E-1,-2.443285896E-1,3.529261132E-1,-1.361880349E2
1.066666667E0,-2.558687078E-1,-2.441248736E-1,3.536463623E-1,-1.363455142E2
1.075000000E0,-2.554876392E-1,-2.430732348E-1,3.526450499E-1,-1.364263976E2
1.083333333E0,-2.555754461E-1,-2.437162431E-1,3.531521143E-1,-1.363606366E2
1.091666667E0,-2.550810849E-1,-2.433753421E-1,3.525590972E-1,-1.363452859E2
1.100000000E0,-2.540337984E-1,-2.436307796E-1,3.519788737E-1,-1.361975180E2
1.108333333E0,-2.531377973E-1,-2.442213730E-1,3.517425528E-1,-1.360270621E2
1.116666667E0,-2.519039068E-1,-2.452117656E-1,3.515457129E-1,-1.357712657E2
1.125000000E0,-2.505121619E-1,-2.465617988E-1,3.514954678E-1,-1.354553334E2
1.133333333E0,-2.485413710E-1,-2.484877203E-1,3.514526430E-1,-1.350061847E2
1.141666667E0,-2.462524341E-1,-2.508043679E-1,3.514869731E-1,-1.344753129E2
1.150000000E0,-2.441681184E-1,-2.519693782E-1,3.508655548E-1,-1.340991561E2
1.158333333E0,-2.403951733E-1,-2.526891831E-1,3.487716482E-1,-1.335717475E2
1.166666667E0,-2.370319637E-1,-2.552461560E-1,3.483313824E-1,-1.328810342E2
1.175000000E0,-2.339827276E-1,-2.575210809E-1,3.479439953E-1,-1.322581725E2
1.183333333E0,-2.299460924E-1,-2.594858034E-1,3.467103799E-1,-1.315460973E2
1.191666667E0,-2.257021207E-1,-2.619067050E-1,3.457406100E-1,-1.307536239E2
1.200000000E0,-2.212338914E-1,-2.643285473E-1,3.446940900E-1,-1.299281718E2
1.208333333E0,-2.161209776E-1,-2.658594472E-1,3.426215443E-1,-1.291081585E2
1.216666667E0,-2.107787258E-1,-2.699552579E-1,3.424960036E-1,-1.279824096E2
1.225000000E0,-2.049925011E-1,-2.720899821E-1,3.406682900E-1,-1.269943576E2
1.233333333E0,-1.987048424E-1,-2.744041777E-1,3.387938416E-1,-1.259094997E2
1.241666667E0,-1.927555435E-1,-2.772711868E-1,3.376892219E-1,-1.248065550E2
1.250000000E0,-1.860679704E-1,-2.806352056E-1,3.367156192E-1,-1.235453467E2
1.258333333E0,-1.792687586E-1,-2.828481218E-1,3.348736296E-1,-1.223664679E2
1.266666667E0,-1.725135399E-1,-2.840858604E-1,3.323638030E-1,-1.212685707E2
1.275000000E0,-1.648182310E-1,-2.872617815E-1,3.311863227E-1,-1.198453163E2
1.283333333E0,-1.573806202E-1,-2.889352800E-1,3.290171054E-1,-1.185767588E2
1.291666667E0,-1.494668683E-1,-2.896453845E-1,3.259367937E-1,-1.172952728E2
1.300000000E0,-1.414002760E-1,-2.928460433E-1,3.251966223E-1,-1.157735044E2
1.308333333E0,-1.335962368E-1,-2.927166411E-1,3.217623136E-1,-1.145320147E2
1.316666667E0,-1.251772753E-1,-2.953392786E-1,3.207719435E-1,-1.129692847E2
1.325000000E0,-1.167023607E-1,-2.969033900E-1,3.190157739E-1,-1.114580576E2
1.333333333E0,-1.085595351E-1,-2.974969512E-1,3.166853464E-1,-1.100475185E2
1.341666667E0,-9.888485600E-2,-2.980198710E-1,3.139969080E-1,-1.083561669E2
1.350000000E0,-9.047399335E-2,-2.979513431E-1,3.113848845E-1,-1.068911010E2
1.358333333E0,-8.178434965E-2,-2.988845727E-1,3.098720182E-1,-1.053033499E2
1.366666667E0,-7.326800770E-2,-2.980983765E-1,3.069704270E-1,-1.038087048E2
1.375000000E0,-6.407599105E-2,-2.987158089E-1,3.055108297E-1,-1.021067611E2
1.383333333E0,-5.568595633E-2,-2.981586439E-1,3.033141980E-1,-1.005790340E2
1.391666667E0,-4.744031310E-2,-2.974980941E-1,3.012568659E-1,-9.906034492E1
1.400000000E0,-3.890922295E-2,-2.965428579E-1,2.990845937E-1,-9.747504585E1
1.408333333E0,-2.987338674E-2,-2.952277032E-1,2.967352625E-1,-9.577795671E1
1.416666667E0,-2.458833880E-2,-2.923114597E-1,2.933437845E-1,-9.480822520E1
1.425000000E0,-1.358930623E-2,-2.918808798E-1,2.921970521E-1,-9.266563554E1
1.433333333E0,-5.785024312E-3,-2.898497248E-1,2.899074498E-1,-9.114339759E1
1.441666667E0,7.478925877E-4,-2.871713746E-1,2.871723484E-1,-8.985078251E1
1.450000000E0,8.171543268E-3,-2.841108108E-1,2.842283008E-1,-8.835252344E1
1.458333333E0,1.440989475E-2,-2.806286548E-1,2.809983754E-1,-8.706052234E1
1.466666667E0,2.144279422E-2,-2.793547040E-1,2.801764517E-1,-8.561067983E1
1.475000000E0,2.803782131E-2,-2.763712893E-1,2.777898648E-1,-8.420717185E1
1.483333333E0,3.442972690E-2,-2.751984564E-1,2.773438236E-1,-8.286885031E1
1.491666667E0,3.956328365E-2,-2.717014518E-1,2.745668084E-1,-8.171521253E1
1.500000000E0,4.499683112E-2,-2.689971919E-1,2.727346770E-1,-8.050370072E1
1.508333333E0,4.984370509E-2,-2.666866532E-1,2.713045631E-1,-7.941356457E1
1.516666667E0,5.494442581E-2,-2.642930555E-1,2.699439000E-1,-7.825594500E1
1.525000000E0,5.932145122E-2,-2.619463594E-1,2.685794664E-1,-7.723979600E1
1.533333333E0,6.349158339E-2,-2.600847855E-1,2.677223876E-1,-7.628133954E1
1.541666667E0,6.689173973E-2,-2.574949194E-1,2.660416102E-1,-7.543765190E1
1.550000000E0,7.005124743E-2,-2.553929147E-1,2.648258261E-1,-7.466167463E1
1.558333333E0,7.310385497E-2,-2.534620307E-1,2.637938108E-1,-7.391131069E1
1.566666667E0,7.615162373E-2,-2.524487794E-1,2.636843871E-1,-7.321396956E1
1.575000000E0,7.808326232E-2,-2.507342078E-1,2.626111932E-1,-7.270244697E1
1.583333333E0,8.019380895E-2,-2.494911961E-1,2.620627862E-1,-7.218106733E1
1.591666667E0,8.049477704E-2,-2.471233252E-1,2.599025721E-1,-7.195816390E1
1.600000000E0,8.139696576E-2,-2.463419193E-1,2.594413368E-1,-7.171527154E1
1.608333333E0,8.241990712E-2,-2.462081945E-1,2.596372780E-1,-7.149167146E1
1.616666667E0,8.347989690E-2,-2.462261657E-1,2.599927266E-1,-7.127141544E1
1.625000000E0,8.343983912E-2,-2.462463363E-1,2.599989709E-1,-7.128120275E1
1.633333333E0,8.332548178E-2,-2.464278836E-1,2.601342686E-1,-7.131789084E1
1.641666667E0,8.246952393E-2,-2.462008140E-1,2.596460344E-1,-7.148077187E1
1.650000000E0,8.126047444E-2,-2.464266534E-1,2.594790169E-1,-7.174975870E1
1.658333333E0,8.015527316E-2,-2.475632221E-1,2.602160962E-1,-7.205924043E1
1.666666667E0,7.813213657E-2,-2.476112625E-1,2.596458512E-1,-7.248724525E1
1.675000000E0,7.600699412E-2,-2.487153418E-1,2.600699606E-1,-7.300693500E1
1.683333333E0,7.397457762E-2,-2.507010773E-1,2.613871999E-1,-7.356020692E1
1.691666667E0,7.207278560E-2,-2.532608972E-1,2.633164797E-1,-7.411474895E1
1.700000000E0,6.875051038E-2,-2.548450957E-1,2.639557832E-1,-7.490250935E1
1.708333333E0,6.551897460E-2,-2.570034570E-1,2.652235150E-1,-7.569798727E1
1.716666667E0,6.145770834E-2,-2.588805526E-1,2.660755352E-1,-7.664531739E1
1.725000000E0,5.742099881E-2,-2.608473365E-1,2.670926882E-1,-7.758533574E1
1.733333333E0,5.296104941E-2,-2.633834349E-1,2.686553676E-1,-7.863059961E1
1.741666667E0,4.891544472E-2,-2.658472532E-1,2.703099753E-1,-7.957428525E1
1.750000000E0,4.374963036E-2,-2.682008228E-1,2.717456743E-1,-8.073535949E1
1.758333333E0,3.835637583E-2,-2.714015784E-1,2.740985741E-1,-8.195583228E1
1.766666667E0,3.235781357E-2,-2.732274180E-1,2.751367843E-1,-8.324602578E1
1.775000000E0,2.636755652E-2,-2.761195539E-1,2.773756588E-1,-8.454517983E1
1.783333333E0,2.017620253E-2,-2.783267369E-1,2.790570759E-1,-8.585382024E1
1.791666667E0,1.388735155E-2,-2.803655529E-1,2.807092834E-1,-8.716428486E1
1.800000000E0,7.094702399E-3,-2.822292573E-1,2.823184168E-1,-8.855999723E1
1.808333333E0,-8.962209731E-5,-2.842909121E-1,2.842909263E-1,-9.001806237E1
1.816666667E0,-6.928133061E-3,-2.865758584E-1,2.866595920E-1,-9.138488803E1
1.825000000E0,-1.325145174E-2,-2.882189369E-1,2.885234073E-1,-9.263243613E1
1.833333333E0,-2.184948629E-2,-2.904137432E-1,2.912345143E-1,-9.430258316E1
1.841666667E0,-3.004813704E-2,-2.921048843E-1,2.936463076E-1,-9.587322284E1
1.850000000E0,-3.778432123E-2,-2.921631550E-1,2.945962730E-1,-9.736893890E1
1.858333333E0,-4.713238069E-2,-2.941170869E-1,2.978696395E-1,-9.910426510E1
1.866666667E0,-5.521349297E-2,-2.961568691E-1,3.012597233E-1,-1.005606004E2
1.875000000E0,-6.305224364E-2,-2.958234203E-1,3.024683147E-1,-1.020320612E2
1.883333333E0,-7.191020671E-2,-2.960810869E-1,3.046885095E-1,-1.036512962E2
1.891666667E0,-8.065722330E-2,-2.964591965E-1,3.072354844E-1,-1.052199836E2
1.900000000E0,-8.918357659E-2,-2.963624996E-1,3.094906162E-1,-1.067479770E2
1.908333333E0,-9.753266161E-2,-2.962766866E-1,3.119174492E-1,-1.082212616E2
1.916666667E0,-1.062406536E-1,-2.954818787E-1,3.140009827E-1,-1.097760728E2
1.925000000E0,-1.143385128E-1,-2.947069619E-1,3.161099317E-1,-1.112049370E2
1.933333333E0,-1.225943161E-1,-2.933279614E-1,3.179161199E-1,-1.126821387E2
1.941666667E0,-1.310767515E-1,-2.917682215E-1,3.198590469E-1,-1.141919799E2
1.950000000E0,-1.389168786E-1,-2.898028348E-1,3.213776318E-1,-1.156107120E2
1.958333333E0,-1.477304209E-1,-2.887119873E-1,3.243129490E-1,-1.170982752E2
1.966666667E0,-1.548504252E-1,-2.882389637E-1,3.272007861E-1,-1.182459961E2
1.975000000E0,-1.617990260E-1,-2.863138734E-1,3.288686043E-1,-1.194712548E2
1.983333333E0,-1.688731633E-1,-2.834830320E-1,3.299708695E-1,-1.207826033E2
1.991666667E0,-1.763591747E-1,-2.814244409E-1,3.321178623E-1,-1.220739802E2
2.000000000E0,-1.827847286E-1,-2.790414161E-1,3.335781302E-1,-1.232266094E2
2.008333333E0,-1.899163110E-1,-2.767662149E-1,3.356601599E-1,-1.244578203E2
2.016666667E0,-1.960641339E-1,-2.744099415E-1,3.372565205E-1,-1.255455622E2
2.025000000E0,-2.023203973E-1,-2.719663636E-1,3.389679130E-1,-1.266461857E2
2.033333333E0,-2.067320280E-1,-2.680537989E-1,3.385128809E-1,-1.276406075E2
2.041666667E0,-2.122143012E-1,-2.660183283E-1,3.402949612E-1,-1.285808753E2
2.050000000E0,-2.167993168E-1,-2.641482021E-1,3.417253523E-1,-1.293773964E2
2.058333333E0,-2.213620499E-1,-2.624366892E-1,3.433280836E-1,-1.301472107E2
2.066666667E0,-2.258381240E-1,-2.598636161E-1,3.442847037E-1,-1.309927315E2
2.075000000E0,-2.295727658E-1,-2.582142501E-1,3.455115827E-1,-1.316396110E2
2.083333333E0,-2.332057213E-1,-2.558453525E-1,3.461816761E-1,-1.323495000E2
2.091666667E0,-2.361942161E-1,-2.533761608E-1,3.463916664E-1,-1.329899743E2
2.100000000E0,-2.396115709E-1,-2.520176108E-1,3.477449943E-1,-1.335544737E2
2.108333333E0,-2.424030380E-1,-2.498922814E-1,3.481456378E-1,-1.341284318E2
2.116666667E0,-2.446389634E-1,-2.486735236E-1,3.488362707E-1,-1.345314165E2
2.125000000E0,-2.469237724E-1,-2.473222531E-1,3.494848298E-1,-1.349538059E2
2.133333333E0,-2.481838810E-1,-2.461060099E-1,3.495188219E-1,-1.352408557E2
2.141666667E0,-2.499890291E-1,-2.452460866E-1,3.502001680E-1,-1.355487137E2
2.150000000E0,-2.506711341E-1,-2.445242180E-1,3.501829673E-1,-1.357111825E2
2.158333333E0,-2.516023814E-1,-2.442917602E-1,3.506882126E-1,-1.358446105E2
2.166666667E0,-2.521329236E-1,-2.440770442E-1,3.509196698E-1,-1.359301049E2
2.175000000E0,-2.521865745E-1,-2.440421529E-1,3.509339549E-1,-1.359402904E2
2.183333333E0,-2.520805193E-1,-2.445568139E-1,3.512159214E-1,-1.358679243E2
2.191666667E0,-2.517675935E-1,-2.444443564E-1,3.509130441E-1,-1.358455260E2
2.200000000E0,-2.510631502E-1,-2.451785078E-1,3.509205125E-1,-1.356794056E2
2.208333333E0,-2.501373244E-1,-2.462018963E-1,3.509758607E-1,-1.354542835E2
2.216666667E0,-2.495728193E-1,-2.477278553E-1,3.516470993E-1,-1.352125639E2
2.225000000E0,-2.475754237E-1,-2.483198987E-1,3.506513404E-1,-1.349139834E2
2.233333333E0,-2.451235805E-1,-2.504122976E-1,3.504167355E-1,-1.343885212E2
2.241666667E0,-2.431060888E-1,-2.522737029E-1,3.503463880E-1,-1.339397919E2
2.250000000E0,-2.399803989E-1,-2.538499825E-1,3.493285065E-1,-1.333912295E2
2.258333333E0,-2.370206083E-1,-2.555100869E-1,3.485171061E-1,-1.328501403E2
2.266666667E0,-2.337951063E-1,-2.574093603E-1,3.477351442E-1,-1.322476712E2
2.275000000E0,-2.303957085E-1,-2.597111806E-1,3.471773031E-1,-1.315769631E2
2.283333333E0,-2.262480416E-1,-2.623074916E-1,3.464006301E-1,-1.307787505E2
2.291666667E0,-2.223083704E-1,-2.647343835E-1,3.456953939E-1,-1.300215646E2
2.300000000E0,-2.172928826E-1,-2.670995571E-1,3.443230608E-1,-1.291293086E2
2.308333333E0,-2.120877224E-1,-2.693668233E-1,3.428406153E-1,-1.282153573E2
2.316666667E0,-2.067856556E-1,-2.716340455E-1,3.413874075E-1,-1.272807706E2
2.325000000E0,-2.013943401E-1,-2.740493326E-1,3.400922183E-1,-1.263115534E2
2.333333333E0,-1.950001737E-1,-2.764265980E-1,3.382849861E-1,-1.252003680E2
2.341666667E0,-1.889904844E-1,-2.798694293E-1,3.377044575E-1,-1.240304058E2
2.350000000E0,-1.818952323E-1,-2.819726851E-1,3.355509957E-1,-1.228252949E2
2.358333333E0,-1.752162728E-1,-2.840559096E-1,3.337491604E-1,-1.216678325E2
2.366666667E0,-1.680700597E-1,-2.861530742E-1,3.318601013E-1,-1.204275562E2
2.375000000E0,-1.607512121E-1,-2.885221747E-1,3.302816942E-1,-1.191245298E2
2.383333333E0,-1.533327862E-1,-2.903797874E-1,3.283768631E-1,-1.178359454E2
2.391666667E0,-1.451001371E-1,-2.919623052E-1,3.260307308E-1,-1.164265693E2
2.400000000E0,-1.367371730E-1,-2.943208171E-1,3.245331999E-1,-1.149188959E2
2.408333333E0,-1.290541945E-1,-2.965169663E-1,3.233841314E-1,-1.135203017E2
2.416666667E0,-1.206085399E-1,-2.975251003E-1,3.210414384E-1,-1.120662880E2
2.425000000E0,-1.122585914E-1,-2.990603223E-1,3.194355455E-1,-1.105746822E2
2.433333333E0,-1.038388677E-1,-2.987379379E-1,3.162702420E-1,-1.091670340E2
2.441666667E0,-9.517115675E-2,-2.991338656E-1,3.139086151E-1,-1.076487675E2
2.450000000E0,-8.632629121E-2,-2.995180877E-1,3.117103037E-1,-1.060778961E2
2.458333333E0,-7.792902536E-2,-2.994007101E-1,3.093763375E-1,-1.045894229E2
2.466666667E0,-6.850807511E-2,-2.998691938E-1,3.075953344E-1,-1.028689266E2
2.475000000E0,-5.984425295E-2,-2.996378563E-1,3.055555261E-1,-1.012946126E2
2.483333333E0,-5.161055453E-2,-2.982826099E-1,3.027146589E-1,-9.981645058E1
2.491666667E0,-4.290760692E-2,-2.972640792E-1,3.003447944E-1,-9.821344348E1
2.500000000E0,-3.473027111E-2,-2.965341054E-1,2.985609944E-1,-9.668008649E1
2.508333333E0,-2.651557517E-2,-2.962573588E-1,2.974415881E-1,-9.511444949E1
2.516666667E0,-1.814040221E-2,-2.937744701E-1,2.943340168E-1,-9.353349447E1
2.525000000E0,-9.952955996E-3,-2.919709945E-1,2.921405876E-1,-9.195239132E1
2.533333333E0,-2.516565847E-3,-2.903700148E-1,2.903809199E-1,-9.049655606E1
2.541666667E0,5.244392751E-3,-2.885608739E-1,2.886085265E-1,-8.895880377E1
2.550000000E0,1.219332806E-2,-2.857410344E-1,2.860010769E-1,-8.755651951E1
2.558333333E0,1.859383977E-2,-2.834334993E-1,2.840427422E-1,-8.624665331E1
2.566666667E0,2.509982425E-2,-2.805360071E-1,2.816566215E-1,-8.488730539E1
2.575000000E0,3.127332801E-2,-2.779364266E-1,2.796903256E-1,-8.358009770E1
2.583333333E0,3.728162312E-2,-2.758065230E-1,2.783148533E-1,-8.230181199E1
2.591666667E0,4.259216250E-2,-2.729958178E-1,2.762984054E-1,-8.113233742E1
2.600000000E0,4.763208558E-2,-2.702859477E-1,2.744509229E-1,-8.000547280E1
2.608333333E0,5.290116821E-2,-2.673775443E-1,2.725606076E-1,-7.880845691E1
2.616666667E0,5.730115319E-2,-2.651680995E-1,2.712886713E-1,-7.780623812E1
2.625000000E0,6.147618129E-2,-2.626316784E-1,2.697308276E-1,-7.682554525E1
2.633333333E0,6.467847672E-2,-2.600830265E-1,2.680046381E-1,-7.603474656E1
2.641666667E0,6.876508483E-2,-2.585761321E-1,2.675635494E-1,-7.510759551E1
2.650000000E0,7.180964278E-2,-2.567558583E-1,2.666086937E-1,-7.437472266E1
2.658333333E0,7.436996512E-2,-2.544268860E-1,2.650734465E-1,-7.370615395E1
2.666666667E0,7.621602712E-2,-2.527767994E-1,2.640170319E-1,-7.322114681E1
2.675000000E0,7.829774555E-2,-2.514492601E-1,2.633576795E-1,-7.270414970E1
2.683333333E0,8.025417273E-2,-2.504758198E-1,2.630187608E-1,-7.223418449E1
2.691666667E0,8.140620490E-2,-2.493346929E-1,2.622875507E-1,-7.191846610E1
2.700000000E0,8.238373414E-2,-2.483838470E-1,2.616899217E-1,-7.165039531E1
2.708333333E0,8.333212438E-2,-2.483490662E-1,2.619570607E-1,-7.145111351E1
2.716666667E0,8.333164231E-2,-2.477893963E-1,2.614263712E-1,-7.141219364E1
2.725000000E0,8.325711906E-2,-2.477836272E-1,2.613971572E-1,-7.142727327E1
2.733333333E0,8.352315740E-2,-2.480431909E-1,2.617279931E-1,-7.139016526E1
2.741666667E0,8.247865760E-2,-2.483334135E-1,2.616719573E-1,-7.162719118E1
2.750000000E0,8.158991107E-2,-2.490852476E-1,2.621075622E-1,-7.186336791E1
2.758333333E0,8.027216684E-2,-2.504283290E-1,2.629790271E-1,-7.222729391E1
2.766666667E0,7.824853736E-2,-2.515793043E-1,2.634672275E-1,-7.272277499E1
2.775000000E0,7.603728794E-2,-2.528533676E-1,2.640388128E-1,-7.326307793E1
2.783333333E0,7.360929776E-2,-2.548825893E-1,2.652988184E-1,-7.389144729E1
2.791666667E0,7.113647663E-2,-2.565057922E-1,2.661871893E-1,-7.449976670E1
2.800000000E0,6.807600876E-2,-2.584919261E-1,2.673058526E-1,-7.524569598E1
2.808333333E0,6.464395901E-2,-2.609912490E-1,2.688778040E-1,-7.608859113E1
2.816666667E0,6.081976103E-2,-2.634078249E-1,2.703381689E-1,-7.699849807E1
2.825000000E0,5.664919233E-2,-2.655508964E-1,2.715260753E-1,-7.795776858E1
2.833333333E0,5.195692531E-2,-2.675320275E-1,2.725305631E-1,-7.900949997E1
2.841666667E0,4.763189847E-2,-2.703180855E-1,2.744825406E-1,-8.000667555E1
2.850000000E0,4.236130784E-2,-2.730929104E-1,2.763588575E-1,-8.118273005E1
2.858333333E0,3.638335206E-2,-2.752806500E-1,2.776746020E-1,-8.247095694E1
2.866666667E0,3.072965028E-2,-2.780069253E-1,2.797001286E-1,-8.369238499E1
2.875000000E0,2.483135557E-2,-2.807664585E-1,2.818623785E-1,-8.494583605E1
2.883333333E0,1.833605962E-2,-2.831009079E-1,2.836940872E-1,-8.629420664E1
2.891666667E0,1.157523610E-2,-2.854356660E-1,2.856702741E-1,-8.767776401E1
2.900000000E0,4.331898448E-3,-2.877463509E-1,2.877789565E-1,-8.913750166E1
2.908333333E0,-2.533438127E-3,-2.893984129E-1,2.894095018E-1,-9.050156324E1
2.916666667E0,-9.905747225E-3,-2.913748770E-1,2.915432091E-1,-9.194711024E1
2.925000000E0,-2.040320150E-2,-2.933673765E-1,2.940760246E-1,-9.397841767E1
2.933333333E0,-2.548307357E-2,-2.953593102E-1,2.964565890E-1,-9.493116593E1
2.941666667E0,-3.089828426E-2,-2.953729643E-1,2.969846663E-1,-9.597185960E1
2.950000000E0,-4.148367762E-2,-2.976150848E-1,3.004923197E-1,-9.793516107E1
2.958333333E0,-4.992441960E-2,-2.962571140E-1,3.004342279E-1,-9.956545333E1
2.966666667E0,-5.881863634E-2,-2.985840175E-1,3.043222757E-1,-1.011441151E2
2.975000000E0,-6.714056352E-2,-2.988856311E-1,3.063339284E-1,-1.026605478E2
2.983333333E0,-7.553314774E-2,-2.993310506E-1,3.087140008E-1,-1.041623504E2
2.991666667E0,-8.377124120E-2,-2.987360608E-1,3.102593348E-1,-1.056645010E2
3.000000000E0,-9.287285518E-2,-2.986226311E-1,3.127312632E-1,-1.072759067E2
3.008333333E0,-1.010530263E-1,-2.981104455E-1,3.147722221E-1,-1.087255531E2
3.016666667E0,-1.094038304E-1,-2.975344783E-1,3.170109839E-1,-1.101885434E2
3.025000000E0,-1.179344824E-1,-2.965085546E-1,3.191016532E-1,-1.116898898E2
3.033333333E0,-1.261921348E-1,-2.952716622E-1,3.211071618E-1,-1.131407192E2
3.041666667E0,-1.345199811E-1,-2.937514644E-1,3.230875240E-1,-1.146048470E2
3.050000000E0,-1.422084217E-1,-2.923961146E-1,3.251441573E-1,-1.159362206E2
3.058333333E0,-1.494845622E-1,-2.907777391E-1,3.269515681E-1,-1.172070299E2
3.066666667E0,-1.567662451E-1,-2.885742014E-1,3.284063418E-1,-1.185127623E2
3.075000000E0,-1.641240388E-1,-2.865355235E-1,3.302110027E-1,-1.198035530E2
3.083333333E0,-1.709695048E-1,-2.849232105E-1,3.322827222E-1,-1.209660599E2
3.091666667E0,-1.786396284E-1,-2.826910085E-1,3.344044305E-1,-1.222898321E2
3.100000000E0,-1.855045811E-1,-2.805726046E-1,3.363523986E-1,-1.234712531E2
3.108333333E0,-1.920879056E-1,-2.783470785E-1,3.381935239E-1,-1.246096387E2
3.116666667E0,-1.976390064E-1,-2.757842765E-1,3.392906483E-1,-1.256270300E2
3.125000000E0,-2.036527891E-1,-2.734799083E-1,3.409775928E-1,-1.266740179E2
3.133333333E0,-2.088875364E-1,-2.711297240E-1,3.422649998E-1,-1.276118758E2
3.141666667E0,-2.141900477E-1,-2.690654956E-1,3.439093157E-1,-1.285216031E2
3.150000000E0,-2.188546643E-1,-2.668914143E-1,3.451498097E-1,-1.293522282E2
3.158333333E0,-2.235401470E-1,-2.649313961E-1,3.466393543E-1,-1.301565405E2
3.166666667E0,-2.275587756E-1,-2.628646978E-1,3.476792282E-1,-1.308823412E2
3.175000000E0,-2.311688827E-1,-2.609409113E-1,3.486104008E-1,-1.315378966E2
3.183333333E0,-2.349250389E-1,-2.589446407E-1,3.496313786E-1,-1.322155848E2
3.191666667E0,-2.383106579E-1,-2.572635979E-1,3.506800942E-1,-1.328098247E2
3.200000000E0,-2.413936667E-1,-2.555242934E-1,3.515160975E-1,-1.333711453E2
3.208333333E0,-2.437798127E-1,-2.542588098E-1,3.522444314E-1,-1.337946442E2
3.216666667E0,-2.461469016E-1,-2.532881313E-1,3.531899979E-1,-1.341808055E2
3.225000000E0,-2.481047383E-1,-2.516020024E-1,3.533546785E-1,-1.345990144E2
3.233333333E0,-2.499040064E-1,-2.508800150E-1,3.541084500E-1,-1.348883329E2
3.241666667E0,-2.509172119E-1,-2.502880435E-1,3.544059141E-1,-1.350719240E2
3.250000000E0,-2.518418513E-1,-2.497441340E-1,3.546779533E-1,-1.352396192E2
3.258333333E0,-2.522742541E-1,-2.484661068E-1,3.540871439E-1,-1.354357279E2
3.266666667E0,-2.527301033E-1,-2.492898762E-1,3.549900667E-1,-1.353926286E2
3.275000000E0,-2.528451429E-1,-2.493442533E-1,3.551101561E-1,-1.353994169E2
3.283333333E0,-2.525059730E-1,-2.495610551E-1,3.550211073E-1,-1.353360695E2
3.291666667E0,-2.518430242E-1,-2.502136647E-1,3.550095587E-1,-1.351859453E2
3.300000000E0,-2.508604008E-1,-2.509481485E-1,3.548322335E-1,-1.349899811E2
3.308333333E0,-2.495710889E-1,-2.518314033E-1,3.545487048E-1,-1.347417133E2
3.316666667E0,-2.476283920E-1,-2.528640773E-1,3.539209828E-1,-1.344006469E2
3.325000000E0,-2.459292947E-1,-2.539333322E-1,3.535015632E-1,-1.340826312E2
3.333333333E0,-2.435947823E-1,-2.555828505E-1,3.530736629E-1,-1.336242699E2
3.341666667E0,-2.403068782E-1,-2.564172102E-1,3.514216576E-1,-1.331423680E2
3.350000000E0,-2.371581263E-1,-2.581164335E-1,3.505254201E-1,-1.325768863E2
3.358333333E0,-2.334162180E-1,-2.605671373E-1,3.498261910E-1,-1.318540045E2
3.366666667E0,-2.305019561E-1,-2.625443031E-1,3.493718118E-1,-1.312816610E2
3.375000000E0,-2.260453756E-1,-2.645170351E-1,3.479450728E-1,-1.305158379E2
3.383333333E0,-2.214259003E-1,-2.665026576E-1,3.464867903E-1,-1.297217729E2
3.391666667E0,-2.170416597E-1,-2.686726070E-1,3.453868147E-1,-1.289323007E2
3.400000000E0,-2.121133306E-1,-2.709376554E-1,3.440919617E-1,-1.280568990E2
3.408333333E0,-2.067311440E-1,-2.733774605E-1,3.427433469E-1,-1.270969860E2
3.416666667E0,-2.015280225E-1,-2.758350731E-1,3.416116676E-1,-1.261522594E2
3.425000000E0,-1.961144049E-1,-2.787388871E-1,3.408169993E-1,-1.251293561E2
3.433333333E0,-1.899979057E-1,-2.813922515E-1,3.395302687E-1,-1.240274814E2
3.441666667E0,-1.831971545E-1,-2.829337209E-1,3.370648125E-1,-1.229227102E2
3.450000000E0,-1.761529219E-1,-2.855734507E-1,3.355324837E-1,-1.216679158E2
3.458333333E0,-1.697545954E-1,-2.880484702E-1,3.343479383E-1,-1.205119717E2
3.466666667E0,-1.622793801E-1,-2.899922168E-1,3.323102211E-1,-1.192313366E2
3.475000000E0,-1.545323666E-1,-2.921863462E-1,3.305345870E-1,-1.178735984E2
3.483333333E0,-1.470241277E-1,-2.941162777E-1,3.288167863E-1,-1.165597505E2
3.491666667E0,-1.389277013E-1,-2.960498646E-1,3.270266480E-1,-1.151393171E2
3.500000000E0,-1.309684868E-1,-2.974619218E-1,3.250174449E-1,-1.137632487E2
3.508333333E0,-1.223014420E-1,-2.986339221E-1,3.227070841E-1,-1.122708825E2
3.516666667E0,-1.142910447E-1,-2.996566786E-1,3.207125939E-1,-1.108771829E2
3.525000000E0,-1.054530960E-1,-3.005424015E-1,3.185060291E-1,-1.093347443E2
3.533333333E0,-9.691906234E-2,-3.010037325E-1,3.162223136E-1,-1.078478446E2
3.541666667E0,-8.851813977E-2,-3.009202175E-1,3.136693138E-1,-1.063916771E2
3.550000000E0,-7.875087283E-2,-3.011091105E-1,3.112368815E-1,-1.046566192E2
3.558333333E0,-7.015532673E-2,-3.011452765E-1,3.092090675E-1,-1.031138291E2
3.566666667E0,-6.187149599E-2,-3.007225259E-1,3.070213667E-1,-1.016259634E2
3.575000000E0,-5.279357882E-2,-3.001455939E-1,3.047532437E-1,-9.997589566E1
3.583333333E0,-4.454187139E-2,-2.996548357E-1,3.029471883E-1,-9.845476297E1
3.591666667E0,-3.557591043E-2,-2.985514280E-1,3.006636003E-1,-9.679542229E1
3.600000000E0,-2.751008551E-2,-2.969893841E-1,2.982607903E-1,-9.529219840E1
3.608333333E0,-2.021861920E-2,-2.949199858E-1,2.956122301E-1,-9.392184940E1
3.616666667E0,-1.181402706E-2,-2.928520123E-1,2.930902120E-1,-9.231013284E1
3.625000000E0,-3.130492653E-3,-2.908501127E-1,2.908669594E-1,-9.061666502E1
3.633333333E0,4.587211856E-3,-2.885334320E-1,2.885698943E-1,-8.908916711E1
3.641666667E0,1.136675458E-2,-2.859054124E-1,2.861312774E-1,-8.772328810E1
3.650000000E0,1.809704845E-2,-2.838374641E-1,2.844137992E-1,-8.635184563E1
3.658333333E0,2.402758118E-2,-2.813622157E-1,2.823862977E-1,-8.511893597E1
3.666666667E0,3.043699576E-2,-2.787552108E-1,2.804119795E-1,-8.376861831E1
3.675000000E0,3.613723220E-2,-2.761770944E-1,2.785313035E-1,-8.254531132E1
3.683333333E0,4.146599412E-2,-2.731900426E-1,2.763190693E-1,-8.136927030E1
3.691666667E0,4.639484721E-2,-2.709815948E-1,2.749245470E-1,-8.028456944E1
3.700000000E0,5.096713312E-2,-2.683850562E-1,2.731816009E-1,-7.924739586E1
3.708333333E0,5.545863052E-2,-2.660858568E-1,2.718038684E-1,-7.822674235E1
3.716666667E0,6.243020987E-2,-2.632678048E-1,2.705687863E-1,-7.665953850E1
3.725000000E0,6.621539582E-2,-2.607714359E-1,2.690468740E-1,-7.575249999E1
3.733333333E0,6.954989910E-2,-2.586298011E-1,2.678181519E-1,-7.494828633E1
3.741666667E0,7.235402282E-2,-2.564008452E-1,2.664141476E-1,-7.424140881E1
3.750000000E0,7.531510387E-2,-2.547263734E-1,2.656273521E-1,-7.352859982E1
3.758333333E0,7.727972810E-2,-2.526680530E-1,2.642220683E-1,-7.299349846E1
3.766666667E0,7.938799760E-2,-2.512461537E-1,2.634901970E-1,-7.246466372E1
3.775000000E0,8.116478200E-2,-2.499063594E-1,2.627563706E-1,-7.200719963E1
3.783333333E0,8.288093282E-2,-2.482862181E-1,2.617542648E-1,-7.154036884E1
3.791666667E0,8.403196097E-2,-2.474757453E-1,2.613534292E-1,-7.124475511E1
3.800000000E0,8.452155406E-2,-2.471355394E-1,2.611893335E-1,-7.111906304E1
3.808333333E0,8.463059282E-2,-2.464874348E-1,2.606115744E-1,-7.105027156E1
3.816666667E0,8.485509490E-2,-2.461907401E-1,2.604040469E-1,-7.098235310E1
3.825000000E0,8.455414064E-2,-2.464088824E-1,2.605124566E-1,-7.106056447E1
3.833333333E0,8.377724456E-2,-2.465598073E-1,2.604042344E-1,-7.123302620E1
3.841666667E0,8.289475750E-2,-2.468257830E-1,2.603737851E-1,-7.143572517E1
3.850000000E0,8.186941293E-2,-2.473574409E-1,2.605538415E-1,-7.168668811E1
3.858333333E0,8.034449042E-2,-2.486304406E-1,2.612897494E-1,-7.209185238E1
3.866666667E0,7.831618059E-2,-2.499539081E-1,2.619358325E-1,-7.260305291E1
3.875000000E0,7.606745146E-2,-2.512136505E-1,2.624777236E-1,-7.315369636E1
3.883333333E0,7.317969773E-2,-2.527084722E-1,2.630909350E-1,-7.384996176E1
3.891666667E0,7.062637113E-2,-2.548160976E-1,2.644226312E-1,-7.450843288E1
3.900000000E0,6.715062151E-2,-2.567627863E-1,2.653984446E-1,-7.534381753E1
3.908333333E0,6.369858111E-2,-2.590436888E-1,2.667604579E-1,-7.618511787E1
3.916666667E0,5.963723055E-2,-2.611262984E-1,2.678498516E-1,-7.713517074E1
3.925000000E0,5.510948558E-2,-2.634687314E-1,2.691706296E-1,-7.818583139E1
3.933333333E0,5.079378465E-2,-2.657239983E-1,2.705351212E-1,-7.917831833E1
3.941666667E0,4.600290669E-2,-2.682769198E-1,2.721925296E-1,-8.026981197E1
3.950000000E0,4.083284781E-2,-2.712080135E-1,2.742646679E-1,-8.143790503E1
3.958333333E0,3.510275243E-2,-2.736955327E-1,2.759373984E-1,-8.269144328E1
3.966666667E0,2.811227395E-2,-2.762212942E-1,2.776481647E-1,-8.418876202E1
3.975000000E0,2.145263025E-2,-2.791235507E-1,2.799467305E-1,-8.560505189E1
3.983333333E0,1.511536355E-2,-2.810643783E-1,2.814705294E-1,-8.692165522E1
3.991666667E0,8.567566071E-3,-2.832107212E-1,2.833402827E-1,-8.826724175E1
4.000000000E0,1.553480450E-3,-2.853948052E-1,2.853990332E-1,-8.968812679E1
4.008333333E0,-5.814632247E-3,-2.877581411E-1,2.878168822E-1,-9.115759906E1
4.016666667E0,-1.326344868E-2,-2.895783887E-1,2.898819799E-1,-9.262246393E1
4.025000000E0,-2.123152021E-2,-2.919012604E-1,2.926723822E-1,-9.416009872E1
4.033333333E0,-2.919054724E-2,-2.928537343E-1,2.943049401E-1,-9.569222383E1
4.041666667E0,-3.615964122E-2,-2.940467662E-1,2.962617430E-1,-9.701060320E1
4.050000000E0,-4.531662927E-2,-2.952122371E-1,2.986701556E-1,-9.872708074E1
4.058333333E0,-5.389340101E-2,-2.967308800E-1,3.015853343E-1,-1.002940673E2
4.066666667E0,-6.205782458E-2,-2.969084432E-1,3.033245741E-1,-1.018056245E2
4.075000000E0,-7.073873818E-2,-2.973826724E-1,3.056802626E-1,-1.033803430E2
4.083333333E0,-7.882005212E-2,-2.976985244E-1,3.079561853E-1,-1.048296277E2
4.091666667E0,-8.746049101E-2,-2.978044684E-1,3.103817632E-1,-1.063666845E2
4.100000000E0,-9.606357390E-2,-2.976305164E-1,3.127493157E-1,-1.078880646E2
4.108333333E0,-1.048585322E-1,-2.968752578E-1,3.148495363E-1,-1.094535966E2
4.116666667E0,-1.126247558E-1,-2.964037544E-1,3.170796764E-1,-1.108053264E2
4.125000000E0,-1.214220726E-1,-2.955539686E-1,3.195238146E-1,-1.123342687E2
4.133333333E0,-1.292335336E-1,-2.942945758E-1,3.214196688E-1,-1.137077118E2
4.141666667E0,-1.369859257E-1,-2.928817979E-1,3.233340245E-1,-1.150663120E2
4.150000000E0,-1.450905941E-1,-2.910885074E-1,3.252442154E-1,-1.164935706E2
4.158333333E0,-1.526614234E-1,-2.895723802E-1,3.273494670E-1,-1.177980224E2
4.166666667E0,-1.603527475E-1,-2.873075425E-1,3.290267886E-1,-1.191668606E2
4.175000000E0,-1.679406985E-1,-2.856179385E-1,3.313331933E-1,-1.204551332E2
4.183333333E0,-1.742904527E-1,-2.835533230E-1,3.328357686E-1,-1.215776089E2
4.191666667E0,-1.809254635E-1,-2.816962001E-1,3.347936267E-1,-1.227114804E2
4.200000000E0,-1.881414216E-1,-2.793653680E-1,3.368118219E-1,-1.239586927E2
4.208333333E0,-1.937256389E-1,-2.768288621E-1,3.378814024E-1,-1.249844401E2
4.216666667E0,-1.998704343E-1,-2.748323816E-1,3.398249969E-1,-1.260263287E2
4.225000000E0,-2.048209580E-1,-2.723656343E-1,3.407853629E-1,-1.269434347E2
4.233333333E0,-2.101214742E-1,-2.703977375E-1,3.424411926E-1,-1.278501705E2
4.241666667E0,-2.150284612E-1,-2.687157453E-1,3.441589617E-1,-1.286670707E2
4.250000000E0,-2.194724240E-1,-2.662046080E-1,3.450116494E-1,-1.295038801E2
4.258333333E0,-2.236345226E-1,-2.640868963E-1,3.460553258E-1,-1.302586514E2
4.266666667E0,-2.280091468E-1,-2.617430280E-1,3.471276188E-1,-1.310597193E2
4.275000000E0,-2.314655277E-1,-2.599561888E-1,3.480711286E-1,-1.316819346E2
4.283333333E0,-2.351356901E-1,-2.584263201E-1,3.493894041E-1,-1.322982815E2
4.291666667E0,-2.383779517E-1,-2.565923999E-1,3.502337899E-1,-1.328925196E2
4.300000000E0,-2.407523012E-1,-2.548755053E-1,3.506040413E-1,-1.333677650E2
4.308333333E0,-2.427030050E-1,-2.536436733E-1,3.510553541E-1,-1.337372684E2
4.316666667E0,-2.447752254E-1,-2.525361655E-1,3.516950751E-1,-1.341059263E2
4.325000000E0,-2.465173832E-1,-2.515112166E-1,3.521771036E-1,-1.344255029E2
4.333333333E0,-2.479430745E-1,-2.508921624E-1,3.527359428E-1,-1.346612743E2
4.341666667E0,-2.489292547E-1,-2.500741876E-1,3.528496467E-1,-1.348685386E2
4.350000000E0,-2.498552416E-1,-2.500936877E-1,3.535173183E-1,-1.349726733E2
4.358333333E0,-2.497321688E-1,-2.497202249E-1,3.531661745E-1,-1.350013702E2
4.366666667E0,-2.498831099E-1,-2.496313239E-1,3.532100883E-1,-1.350288806E2
4.375000000E0,-2.498133443E-1,-2.499045481E-1,3.533539163E-1,-1.349895429E2
4.383333333E0,-2.496064336E-1,-2.506262728E-1,3.537186740E-1,-1.348831896E2
4.391666667E0,-2.487299483E-1,-2.510323836E-1,3.533890842E-1,-1.347360367E2
4.400000000E0,-2.474642090E-1,-2.520590173E-1,3.532312032E-1,-1.344729861E2
4.408333333E0,-2.456620929E-1,-2.527451503E-1,3.524627283E-1,-1.341858024E2
4.416666667E0,-2.438620015E-1,-2.536385406E-1,3.518539257E-1,-1.338742076E2
4.425000000E0,-2.416172849E-1,-2.551466648E-1,3.513954082E-1,-1.334399335E2
4.433333333E0,-2.391886691E-1,-2.569320288E-1,3.510345949E-1,-1.329517353E2
4.441666667E0,-2.363434013E-1,-2.588760437E-1,3.505353182E-1,-1.323948206E2
4.450000000E0,-2.331976296E-1,-2.608051070E-1,3.498577401E-1,-1.318013370E2
4.458333333E0,-2.298543601E-1,-2.628528511E-1,3.491771015E-1,-1.311684040E2
4.466666667E0,-2.251624769E-1,-2.633700946E-1,3.464995638E-1,-1.305280604E2
4.475000000E0,-2.208157395E-1,-2.655633147E-1,3.453743837E-1,-1.297435030E2
4.483333333E0,-2.166166069E-1,-2.680304414E-1,3.446201850E-1,-1.289444199E2
4.491666667E0,-2.118409873E-1,-2.706715950E-1,3.437145855E-1,-1.280484922E2
4.500000000E0,-2.071332229E-1,-2.731865494E-1,3.428338705E-1,-1.271698279E2
4.508333333E0,-2.009593485E-1,-2.748878616E-1,3.405113746E-1,-1.261690209E2
4.516666667E0,-1.954303080E-1,-2.776283720E-1,3.395151223E-1,-1.251427766E2
4.525000000E0,-1.892673155E-1,-2.796645288E-1,3.376897473E-1,-1.240887876E2
4.533333333E0,-1.828645533E-1,-2.822656284E-1,3.363232519E-1,-1.229370078E2
4.541666667E0,-1.764938859E-1,-2.857461676E-1,3.358585477E-1,-1.217019530E2
4.550000000E0,-1.692206440E-1,-2.866429878E-1,3.328660824E-1,-1.205556197E2
4.558333333E0,-1.620515968E-1,-2.886665831E-1,3.310424689E-1,-1.193089754E2
4.566666667E0,-1.547393636E-1,-2.905117354E-1,3.291524556E-1,-1.180417335E2
4.575000000E0,-1.473093005E-1,-2.927190416E-1,3.276956932E-1,-1.167135833E2
4.583333333E0,-1.393468273E-1,-2.946430199E-1,3.259325812E-1,-1.153110789E2
4.591666667E0,-1.315652521E-1,-2.968491412E-1,3.246980570E-1,-1.139031974E2
4.600000000E0,-1.235614877E-1,-2.977348162E-1,3.223561106E-1,-1.125387027E2
4.608333333E0,-1.150310177E-1,-2.994754786E-1,3.208078822E-1,-1.110121971E2
4.616666667E0,-1.064130348E-1,-3.002086319E-1,3.185105283E-1,-1.095175644E2
4.625000000E0,-9.806210132E-2,-3.005814539E-1,3.161730319E-1,-1.080684678E2
4.633333333E0,-8.965959259E-2,-3.018010804E-1,3.148376323E-1,-1.065457236E2
4.641666667E0,-8.093285717E-2,-3.016708627E-1,3.123386572E-1,-1.050177887E2
4.650000000E0,-7.285068956E-2,-3.014146221E-1,3.100935301E-1,-1.035875757E2
4.658333333E0,-6.393807731E-2,-3.007620563E-1,3.074831577E-1,-1.020016639E2
4.666666667E0,-5.528510209E-2,-3.001878342E-1,3.052362663E-1,-1.004351389E2
4.675000000E0,-4.696242660E-2,-2.992507980E-1,3.029133698E-1,-9.891887445E1
4.683333333E0,-3.835087846E-2,-2.969723060E-1,2.994383750E-1,-9.735842759E1
4.691666667E0,-2.971766033E-2,-2.963342094E-1,2.978205886E-1,-9.572671898E1
4.700000000E0,-2.291611267E-2,-2.946977265E-1,2.955873783E-1,-9.444645306E1
4.708333333E0,-1.532261630E-2,-2.932473269E-1,2.936473690E-1,-9.299107101E1
4.716666667E0,-8.387401910E-3,-2.913730532E-1,2.914937472E-1,-9.164884864E1
4.725000000E0,-8.044528400E-4,-2.893316015E-1,2.893327199E-1,-9.015930384E1
4.733333333E0,6.637171141E-3,-2.861662086E-1,2.862431676E-1,-8.867135351E1
4.741666667E0,1.360315052E-2,-2.841894454E-1,2.845148266E-1,-8.725954399E1
4.750000000E0,1.987600383E-2,-2.816385883E-1,2.823390691E-1,-8.596317341E1
4.758333333E0,2.594609045E-2,-2.789723439E-1,2.801763164E-1,-8.468643685E1
4.766666667E0,3.211437146E-2,-2.762629123E-1,2.781232273E-1,-8.336937269E1
4.775000000E0,3.738269787E-2,-2.740481844E-1,2.765861050E-1,-8.223227018E1
4.783333333E0,4.280572969E-2,-2.712891944E-1,2.746455124E-1,-8.103343297E1
4.791666667E0,4.741780878E-2,-2.689847130E-1,2.731322471E-1,-8.000236614E1
4.800000000E0,5.248036361E-2,-2.664089304E-1,2.715288323E-1,-7.885589334E1
4.808333333E0,5.670113094E-2,-2.638024125E-1,2.698272245E-1,-7.786952190E1
4.816666667E0,6.024809102E-2,-2.616641509E-1,2.685106335E-1,-7.703364853E1
4.825000000E0,6.357590086E-2,-2.589679914E-1,2.666576752E-1,-7.620683139E1
4.833333333E0,6.665216910E-2,-2.569359845E-1,2.654404110E-1,-7.545736768E1
4.841666667E0,6.987358332E-2,-2.548552038E-1,2.642602743E-1,-7.466798429E1
4.850000000E0,7.224685458E-2,-2.531491543E-1,2.632567232E-1,-7.407165427E1
4.858333333E0,7.429031673E-2,-2.512150309E-1,2.619695458E-1,-7.352578650E1
4.866666667E0,7.602811725E-2,-2.496006919E-1,2.609229388E-1,-7.305931749E1
4.875000000E0,7.678898009E-2,-2.484029448E-1,2.600010970E-1,-7.282201456E1
4.883333333E0,7.807812686E-2,-2.470182658E-1,2.590641185E-1,-7.245917127E1
4.891666667E0,7.920200774E-2,-2.467371629E-1,2.591373875E-1,-7.220350065E1
4.900000000E0,7.975532426E-2,-2.459876708E-1,2.585939790E-1,-7.203601561E1
4.908333333E0,8.020093545E-2,-2.458773088E-1,2.586268374E-1,-7.193456744E1
4.916666667E0,8.013452024E-2,-2.462081763E-1,2.589208516E-1,-7.197124443E1
4.925000000E0,8.017291481E-2,-2.462504367E-1,2.589729211E-1,-7.196606070E1
4.933333333E0,7.920590896E-2,-2.464353988E-1,2.588512735E-1,-7.218226361E1
4.941666667E0,7.727978298E-2,-2.464933085E-1,2.583236652E-1,-7.259291770E1
4.950000000E0,7.587595102E-2,-2.478334959E-1,2.591883517E-1,-7.297766621E1
4.958333333E0,7.424187159E-2,-2.486545094E-1,2.595012919E-1,-7.337572157E1
4.966666667E0,7.296586572E-2,-2.503259388E-1,2.607433474E-1,-7.374947084E1
4.975000000E0,7.051553786E-2,-2.516677260E-1,2.613600685E-1,-7.434749932E1
4.983333333E0,6.818956307E-2,-2.537268153E-1,2.627301150E-1,-7.495709786E1
4.991666667E0,6.492841948E-2,-2.557476355E-1,2.638608586E-1,-7.575488391E1
5.000000000E0,6.133083464E-2,-2.577459534E-1,2.649423480E-1,-7.661533867E1
5.008333333E0,5.771490926E-2,-2.599160534E-1,2.662468133E-1,-7.748048042E1
5.016666667E0,5.377692191E-2,-2.622629893E-1,2.677196909E-1,-7.841214636E1
5.025000000E0,4.967472604E-2,-2.642777206E-1,2.689057307E-1,-7.935465856E1
5.033333333E0,4.447303505E-2,-2.666458470E-1,2.703291671E-1,-8.053097507E1
5.041666667E0,4.011502170E-2,-2.700771803E-1,2.730401038E-1,-8.155152845E1
5.050000000E0,3.418112230E-2,-2.726072628E-1,2.747418222E-1,-8.285321124E1
5.058333333E0,2.824479776E-2,-2.747975711E-1,2.762453143E-1,-8.413151778E1
5.066666667E0,2.185222960E-2,-2.768217792E-1,2.776829440E-1,-8.548644790E1
5.075000000E0,1.531077705E-2,-2.791102173E-1,2.795298433E-1,-8.686014871E1
5.083333333E0,8.991142253E-3,-2.816177095E-1,2.817612019E-1,-8.817135230E1
5.091666667E0,2.202802911E-3,-2.843173013E-1,2.843258345E-1,-8.955609882E1
5.100000000E0,-4.640473887E-3,-2.867288625E-1,2.867664112E-1,-9.092720473E1
5.108333333E0,-1.206358649E-2,-2.889917768E-1,2.892434565E-1,-9.239035014E1
5.116666667E0,-1.965443356E-2,-2.907399804E-1,2.914035568E-1,-9.386739157E1
5.125000000E0,-2.688935102E-2,-2.924485991E-1,2.936821757E-1,-9.525332208E1
5.133333333E0,-3.563184566E-2,-2.935704282E-1,2.957249139E-1,-9.692037310E1
5.141666667E0,-4.343380249E-2,-2.953901399E-1,2.985662907E-1,-9.836476139E1
5.150000000E0,-5.149389950E-2,-2.968443236E-1,3.012775699E-1,-9.984122478E1
5.158333333E0,-5.976880233E-2,-2.972408277E-1,3.031904012E-1,-1.013693485E2
5.166666667E0,-6.822026667E-2,-2.975965835E-1,3.053157895E-1,-1.029112590E2
5.175000000E0,-7.711981647E-2,-2.979740557E-1,3.077921441E-1,-1.045105404E2
5.183333333E0,-8.541808027E-2,-2.979535852E-1,3.099557829E-1,-1.059966709E2
5.191666667E0,-9.350781243E-2,-2.974888093E-1,3.118385843E-1,-1.074491743E2
5.200000000E0,-1.021946864E-1,-2.972033407E-1,3.142826429E-1,-1.089757589E2
5.208333333E0,-1.102317465E-1,-2.968165747E-1,3.166245679E-1,-1.103739908E2
5.216666667E0,-1.188938102E-1,-2.963373441E-1,3.192985431E-1,-1.118612006E2
5.225000000E0,-1.263673091E-1,-2.955145819E-1,3.213993854E-1,-1.131524164E2
5.233333333E0,-1.349646708E-1,-2.943237025E-1,3.237929959E-1,-1.146342310E2
5.241666667E0,-1.424492009E-1,-2.934038829E-1,3.261558115E-1,-1.158968285E2
5.250000000E0,-1.502267674E-1,-2.920590990E-1,3.284305085E-1,-1.172199815E2
5.258333333E0,-1.574711423E-1,-2.901254856E-1,3.301059800E-1,-1.184917412E2
5.266666667E0,-1.649569924E-1,-2.882338579E-1,3.320987296E-1,-1.197826192E2
5.275000000E0,-1.712341337E-1,-2.856615975E-1,3.330520633E-1,-1.209397372E2
5.283333333E0,-1.778509147E-1,-2.829080352E-1,3.341674794E-1,-1.221556349E2
5.291666667E0,-1.841180139E-1,-2.805047609E-1,3.355329551E-1,-1.232801366E2
5.300000000E0,-1.904901014E-1,-2.785417772E-1,3.374492561E-1,-1.243675769E2
5.308333333E0,-1.963216233E-1,-2.766909979E-1,3.392640389E-1,-1.253569901E2
5.316666667E0,-2.016594992E-1,-2.745232632E-1,3.406311431E-1,-1.263002866E2
5.325000000E0,-2.068760517E-1,-2.724880433E-1,3.421219585E-1,-1.272061855E2
5.333333333E0,-2.117621290E-1,-2.706506076E-1,3.436494590E-1,-1.280402951E2
5.341666667E0,-2.163696790E-1,-2.677133044E-1,3.442183193E-1,-1.289456336E2
5.350000000E0,-2.206557305E-1,-2.652126444E-1,3.450024610E-1,-1.297603044E2
5.358333333E0,-2.246376579E-1,-2.632882190E-1,3.460964658E-1,-1.304708295E2
5.366666667E0,-2.289663270E-1,-2.617154364E-1,3.477363204E-1,-1.311816248E2
5.375000000E0,-2.321649269E-1,-2.596946804E-1,3.483416144E-1,-1.317964545E2
5.383333333E0,-2.350442418E-1,-2.580519908E-1,3.490510357E-1,-1.323285306E2
5.391666667E0,-2.373961544E-1,-2.558104417E-1,3.489927165E-1,-1.328618065E2
5.400000000E0,-2.396709088E-1,-2.542562649E-1,3.494114949E-1,-1.333085835E2
5.408333333E0,-2.418364104E-1,-2.535376451E-1,3.503800606E-1,-1.336468675E2
5.416666667E0,-2.436828710E-1,-2.524893072E-1,3.509019690E-1,-1.339831783E2
5.425000000E0,-2.446263750E-1,-2.516618710E-1,3.509640447E-1,-1.341878163E2
5.433333333E0,-2.457893494E-1,-2.507742224E-1,3.511411609E-1,-1.344248418E2
5.441666667E0,-2.468584497E-1,-2.504430177E-1,3.516543748E-1,-1.345870170E2
5.450000000E0,-2.474789846E-1,-2.507749029E-1,3.523264108E-1,-1.346209975E2
5.458333333E0,-2.477336181E-1,-2.505349916E-1,3.523346812E-1,-1.346778742E2
5.466666667E0,-2.476904313E-1,-2.506308275E-1,3.523724754E-1,-1.346619242E2
5.475000000E0,-2.467829438E-1,-2.506136642E-1,3.517229450E-1,-1.345587429E2
5.483333333E0,-2.460132621E-1,-2.511121154E-1,3.515392149E-1,-1.344123564E2
5.491666667E0,-2.446393832E-1,-2.519137853E-1,3.511537883E-1,-1.341606886E2
5.500000000E0,-2.436558904E-1,-2.535299822E-1,3.516328267E-1,-1.338622576E2
5.508333333E0,-2.416696695E-1,-2.544304229E-1,3.509117685E-1,-1.335265551E2
5.516666667E0,-2.393346456E-1,-2.558338242E-1,3.503312977E-1,-1.330915916E2
5.525000000E0,-2.363240208E-1,-2.568330391E-1,3.490161211E-1,-1.326186015E2
5.533333333E0,-2.331827124E-1,-2.578758359E-1,3.476695617E-1,-1.321212780E2
5.541666667E0,-2.307130138E-1,-2.604553270E-1,3.479446394E-1,-1.315347304E2
5.550000000E0,-2.268753725E-1,-2.619387410E-1,3.465318726E-1,-1.308971153E2
5.558333333E0,-2.228489326E-1,-2.637509708E-1,3.452915020E-1,-1.301951942E2
5.566666667E0,-2.184341367E-1,-2.655605718E-1,3.438544596E-1,-1.294386565E2
5.575000000E0,-2.143120322E-1,-2.681380572E-1,3.432603456E-1,-1.286339471E2
5.583333333E0,-2.100467613E-1,-2.705768594E-1,3.425368284E-1,-1.278219182E2
5.591666667E0,-2.048281445E-1,-2.721385957E-1,3.406082561E-1,-1.269673550E2
5.600000000E0,-1.994177257E-1,-2.744915612E-1,3.392831362E-1,-1.259983514E2
5.608333333E0,-1.935016753E-1,-2.764476144E-1,3.374406346E-1,-1.249903990E2
5.616666667E0,-1.879084599E-1,-2.790584547E-1,3.364271250E-1,-1.239549821E2
5.625000000E0,-1.810605377E-1,-2.810478253E-1,3.343213999E-1,-1.227910072E2
5.633333333E0,-1.745289857E-1,-2.833803734E-1,3.328134656E-1,-1.216281847E2
5.641666667E0,-1.678190127E-1,-2.853845018E-1,3.310702869E-1,-1.204574565E2
5.650000000E0,-1.608966304E-1,-2.877328612E-1,3.296633511E-1,-1.192133766E2
5.658333333E0,-1.537348032E-1,-2.894632932E-1,3.277550729E-1,-1.179729022E2
5.666666667E0,-1.459770003E-1,-2.912859677E-1,3.258171260E-1,-1.166175877E2
5.675000000E0,-1.380059647E-1,-2.929149212E-1,3.237974635E-1,-1.152273250E2
5.683333333E0,-1.313932561E-1,-2.943776044E-1,3.223699144E-1,-1.140532406E2
5.691666667E0,-1.232718244E-1,-2.963442474E-1,3.209608320E-1,-1.125860937E2
5.700000000E0,-1.148383758E-1,-2.969967519E-1,3.184256950E-1,-1.111397630E2
5.708333333E0,-1.065115614E-1,-2.971100670E-1,3.156249430E-1,-1.097223470E2
5.716666667E0,-9.869944954E-2,-2.986593217E-1,3.145456592E-1,-1.082874310E2
5.725000000E0,-9.020047804E-2,-2.990749052E-1,3.123810576E-1,-1.067832209E2
5.733333333E0,-8.181089584E-2,-2.988985036E-1,3.098924622E-1,-1.053074042E2
5.741666667E0,-7.339201213E-2,-2.992618303E-1,3.081298923E-1,-1.037794603E2
5.750000000E0,-6.550361252E-2,-2.981778931E-1,3.052880266E-1,-1.023899095E2
5.758333333E0,-5.751073644E-2,-2.969197075E-1,3.024380887E-1,-1.009619499E2
5.766666667E0,-4.955525988E-2,-2.966471735E-1,3.007578251E-1,-9.948375634E1
5.775000000E0,-4.144103465E-2,-2.950902410E-1,2.979859220E-1,-9.799406046E1
5.783333333E0,-3.181920427E-2,-2.943034019E-1,2.960185030E-1,-9.617067932E1
5.791666667E0,-2.547354675E-2,-2.923324444E-1,2.934402148E-1,-9.498011537E1
5.800000000E0,-1.912863675E-2,-2.913260901E-1,2.919534133E-1,-9.375668092E1
5.808333333E0,-1.126120326E-2,-2.884694864E-1,2.886892089E-1,-9.223556386E1
5.816666667E0,-4.229685262E-3,-2.862715684E-1,2.863028136E-1,-9.084648812E1
5.825000000E0,3.355317246E-3,-2.843656838E-1,2.843854784E-1,-8.932398103E1
5.833333333E0,9.378055167E-3,-2.821725256E-1,2.823283233E-1,-8.809646502E1
5.841666667E0,1.602155264E-2,-2.790983555E-1,2.795578333E-1,-8.671455961E1
5.850000000E0,2.230000854E-2,-2.768230092E-1,2.777197667E-1,-8.539437400E1
5.858333333E0,2.771438154E-2,-2.740975787E-1,2.754951353E-1,-8.422636751E1
5.866666667E0,3.315584739E-2,-2.720504557E-1,2.740634245E-1,-8.305140828E1
5.875000000E0,3.833003597E-2,-2.695924305E-1,2.723036361E-1,-8.190805100E1
5.883333333E0,4.348485791E-2,-2.673537732E-1,2.708670761E-1,-8.076178940E1
5.891666667E0,4.820452673E-2,-2.648491539E-1,2.692002057E-1,-7.968465504E1
5.900000000E0,5.199871461E-2,-2.618766661E-1,2.669892405E-1,-7.876932023E1
5.908333333E0,5.591527801E-2,-2.598975021E-1,2.658443716E-1,-7.785825722E1
5.916666667E0,5.985770191E-2,-2.579829798E-1,2.648361047E-1,-7.693725807E1
5.925000000E0,6.315106057E-2,-2.557124418E-1,2.633949683E-1,-7.612774004E1
5.933333333E0,6.650557603E-2,-2.536814055E-1,2.622541652E-1,-7.530982544E1
5.941666667E0,6.851495764E-2,-2.517936718E-1,2.609489463E-1,-7.477793610E1
5.950000000E0,7.045209588E-2,-2.499059347E-1,2.596468255E-1,-7.425608840E1
5.958333333E0,7.238405391E-2,-2.486611301E-1,2.589822559E-1,-7.376997712E1
5.966666667E0,7.442681674E-2,-2.465736527E-1,2.575614825E-1,-7.320386696E1
5.975000000E0,7.515907423E-2,-2.456763000E-1,2.569158050E-1,-7.298970089E1
5.983333333E0,7.598188333E-2,-2.450388553E-1,2.565488008E-1,-7.277233196E1
5.991666667E0,7.649987729E-2,-2.445791961E-1,2.562639546E-1,-7.263127644E1
6.000000000E0,7.668052731E-2,-2.445803274E-1,2.563190196E-1,-7.259281192E1
6.008333333E0,7.660777510E-2,-2.443608243E-1,2.560878046E-1,-7.259365175E1
6.016666667E0,7.667426882E-2,-2.446955752E-1,2.564271203E-1,-7.260184990E1
6.025000000E0,7.585219916E-2,-2.449584170E-1,2.564335824E-1,-7.279468480E1
6.033333333E0,7.480678325E-2,-2.461167978E-1,2.572343931E-1,-7.309343962E1
6.041666667E0,7.324150786E-2,-2.467309790E-1,2.573722877E-1,-7.346660301E1
6.050000000E0,7.183854222E-2,-2.475182408E-1,2.577325274E-1,-7.381540350E1
6.058333333E0,6.971782373E-2,-2.490811204E-1,2.586541697E-1,-7.436306285E1
6.066666667E0,6.788154620E-2,-2.504554059E-1,2.594914539E-1,-7.483530274E1
6.075000000E0,6.503957821E-2,-2.528459547E-1,2.610770452E-1,-7.557454089E1
6.083333333E0,6.214055417E-2,-2.552206459E-1,2.626766578E-1,-7.631600670E1
6.091666667E0,5.907188235E-2,-2.566932377E-1,2.634025542E-1,-7.704035912E1
6.100000000E0,5.483042081E-2,-2.584612218E-1,2.642131303E-1,-7.802274045E1
6.108333333E0,5.129592902E-2,-2.612116892E-1,2.662007117E-1,-7.888981275E1
6.116666667E0,4.672157456E-2,-2.639142386E-1,2.680179674E-1,-7.996076309E1
6.125000000E0,4.210284331E-2,-2.662800371E-1,2.695880330E-1,-8.101506583E1
6.133333333E0,3.672483235E-2,-2.692783779E-1,2.717711503E-1,-8.223377835E1
6.141666667E0,3.184699928E-2,-2.713282715E-1,2.731908898E-1,-8.330557131E1
6.150000000E0,2.597799054E-2,-2.741598545E-1,2.753878752E-1,-8.458710522E1
6.158333333E0,1.996765977E-2,-2.762419283E-1,2.769626516E-1,-8.586566624E1
6.166666667E0,1.384566003E-2,-2.786207852E-1,2.789645931E-1,-8.715510870E1
6.175000000E0,7.736527830E-3,-2.807649892E-1,2.808715597E-1,-8.842160429E1
6.183333333E0,1.107379987E-3,-2.826348006E-1,2.826369700E-1,-8.977551287E1
6.191666667E0,-5.796317935E-3,-2.852908559E-1,2.853497324E-1,-9.116393099E1
6.200000000E0,-1.252838365E-2,-2.875615321E-1,2.878343189E-1,-9.249466555E1
6.208333333E0,-2.012854052E-2,-2.891781641E-1,2.898778514E-1,-9.398170890E1
6.216666667E0,-2.692007272E-2,-2.908589027E-1,2.921020226E-1,-9.528787275E1
6.225000000E0,-3.491420882E-2,-2.918396862E-1,2.939207451E-1,-9.682215023E1
6.233333333E0,-4.316765815E-2,-2.927986993E-1,2.959637225E-1,-9.838676792E1
6.241666667E0,-5.170508282E-2,-2.954341644E-1,2.999245923E-1,-9.992701778E1
6.250000000E0,-6.002215582E-2,-2.954208225E-1,3.014566662E-1,-1.014847482E2
6.258333333E0,-6.797381739E-2,-2.957487026E-1,3.034596100E-1,-1.029438616E2
6.266666667E0,-7.634542426E-2,-2.975228072E-1,3.071619192E-1,-1.043917886E2
6.275000000E0,-8.467457818E-2,-2.983375662E-1,3.101210854E-1,-1.058450754E2
6.283333333E0,-9.261620542E-2,-2.973315694E-1,3.114222594E-1,-1.073013586E2
6.291666667E0,-1.009957698E-1,-2.960988979E-1,3.128493293E-1,-1.088338910E2
6.300000000E0,-1.094706398E-1,-2.961652860E-1,3.157494222E-1,-1.102856656E2
6.308333333E0,-1.170143457E-1,-2.949788609E-1,3.173403307E-1,-1.116375952E2
6.316666667E0,-1.249452142E-1,-2.938930748E-1,3.193500367E-1,-1.130322054E2
6.325000000E0,-1.329360569E-1,-2.930145053E-1,3.217599968E-1,-1.144030459E2
6.333333333E0,-1.401818217E-1,-2.914294710E-1,3.233915269E-1,-1.156882324E2
6.341666667E0,-1.483013447E-1,-2.911155878E-1,3.267132907E-1,-1.169953973E2
6.350000000E0,-1.554769449E-1,-2.893215965E-1,3.284510109E-1,-1.182528956E2
6.358333333E0,-1.622448862E-1,-2.871211096E-1,3.297907438E-1,-1.194696942E2
6.366666667E0,-1.691959031E-1,-2.850988331E-1,3.315246571E-1,-1.206876070E2
6.375000000E0,-1.755515722E-1,-2.828694063E-1,3.329165895E-1,-1.218241504E2
6.383333333E0,-1.826192792E-1,-2.813634876E-1,3.354328745E-1,-1.229856307E2
6.391666667E0,-1.884370140E-1,-2.783624041E-1,3.361460044E-1,-1.240959771E2
6.400000000E0,-1.953056220E-1,-2.775673723E-1,3.393934769E-1,-1.251314918E2
6.408333333E0,-2.007414786E-1,-2.750989547E-1,3.405533382E-1,-1.261184701E2
6.416666667E0,-2.050361270E-1,-2.714974572E-1,3.402215200E-1,-1.270602702E2
6.425000000E0,-2.102486710E-1,-2.701966944E-1,3.423605663E-1,-1.278876240E2
6.433333333E0,-2.145401493E-1,-2.673125196E-1,3.427586013E-1,-1.287498919E2
6.441666667E0,-2.185251335E-1,-2.652919213E-1,3.437048698E-1,-1.294788210E2
6.450000000E0,-2.226379536E-1,-2.633126647E-1,3.448205588E-1,-1.302154199E2
6.458333333E0,-2.260220398E-1,-2.611740043E-1,3.453951693E-1,-1.308731703E2
6.466666667E0,-2.303075265E-1,-2.606601775E-1,3.478293905E-1,-1.314623573E2
6.475000000E0,-2.330373343E-1,-2.587420316E-1,3.482152181E-1,-1.320079435E2
6.483333333E0,-2.364080487E-1,-2.582929231E-1,3.501485394E-1,-1.324669670E2
6.491666667E0,-2.385874625E-1,-2.559496924E-1,3.499060192E-1,-1.329892834E2
6.500000000E0,-2.405985477E-1,-2.547671498E-1,3.504196937E-1,-1.333616552E2
6.508333333E0,-2.424373397E-1,-2.537436664E-1,3.509440296E-1,-1.336946443E2
6.516666667E0,-2.435834740E-1,-2.527664425E-1,3.510324533E-1,-1.339400918E2
6.525000000E0,-2.450182333E-1,-2.522232981E-1,3.516397684E-1,-1.341698382E2
6.533333333E0,-2.458976856E-1,-2.523986375E-1,3.523786940E-1,-1.342525412E2
6.541666667E0,-2.459256666E-1,-2.514206788E-1,3.516984379E-1,-1.343669840E2
6.550000000E0,-2.460004487E-1,-2.513391586E-1,3.516924700E-1,-1.343849800E2
6.558333333E0,-2.459298619E-1,-2.522412393E-1,3.522884326E-1,-1.342741531E2
6.566666667E0,-2.448493414E-1,-2.515750434E-1,3.510572638E-1,-1.342237876E2
6.575000000E0,-2.447175691E-1,-2.535864661E-1,3.524099663E-1,-1.339803480E2
6.583333333E0,-2.438400522E-1,-2.546055238E-1,3.525364432E-1,-1.337627131E2
6.591666667E0,-2.426689823E-1,-2.559279736E-1,3.526859263E-1,-1.334767150E2
6.600000000E0,-2.405074618E-1,-2.563162601E-1,3.514852265E-1,-1.331774785E2
6.608333333E0,-2.387407300E-1,-2.559947047E-1,3.500434615E-1,-1.330026104E2
6.616666667E0,-2.360289127E-1,-2.567887098E-1,3.487837282E-1,-1.325878583E2
6.625000000E0,-2.350019973E-1,-2.589109196E-1,3.496581230E-1,-1.322286373E2
6.633333333E0,-2.329223547E-1,-2.610566665E-1,3.498619820E-1,-1.317402710E2
6.641666667E0,-2.299629300E-1,-2.625115939E-1,3.489918138E-1,-1.312187023E2
6.650000000E0,-2.251929320E-1,-2.653074542E-1,3.479941118E-1,-1.303245927E2
6.658333333E0,-2.214736627E-1,-2.674863544E-1,3.472744347E-1,-1.296241163E2
6.666666667E0,-2.171493346E-1,-2.698143939E-1,3.463432411E-1,-1.288274603E2
6.675000000E0,-2.126934672E-1,-2.720325193E-1,3.453117469E-1,-1.280207070E2
6.683333333E0,-2.076493916E-1,-2.740036465E-1,3.437968414E-1,-1.271561013E2
6.691666667E0,-2.016089226E-1,-2.762939590E-1,3.420299833E-1,-1.261178532E2
6.700000000E0,-1.947386140E-1,-2.778762709E-1,3.393204234E-1,-1.250231757E2
6.708333333E0,-1.883194691E-1,-2.802140471E-1,3.376153649E-1,-1.239033023E2
6.716666667E0,-1.823319436E-1,-2.825165384E-1,3.362447504E-1,-1.228375924E2
6.725000000E0,-1.766731064E-1,-2.842284739E-1,3.346628331E-1,-1.218646024E2
6.733333333E0,-1.702646168E-1,-2.868326598E-1,3.335611105E-1,-1.206934787E2
6.741666667E0,-1.635717381E-1,-2.893112326E-1,3.323502713E-1,-1.194830926E2
6.750000000E0,-1.554379754E-1,-2.903933754E-1,3.293771040E-1,-1.181586712E2
6.758333333E0,-1.480558272E-1,-2.920469923E-1,3.274323956E-1,-1.168831358E2
6.766666667E0,-1.398994303E-1,-2.938857929E-1,3.254853451E-1,-1.154560047E2
6.775000000E0,-1.323449011E-1,-2.959689659E-1,3.242110449E-1,-1.140921897E2
6.783333333E0,-1.245818573E-1,-2.972161174E-1,3.222701656E-1,-1.127416047E2
6.791666667E0,-1.157686910E-1,-2.971144738E-1,3.188720752E-1,-1.112880467E2
6.800000000E0,-1.077812755E-1,-2.984686972E-1,3.173332106E-1,-1.098553693E2
6.808333333E0,-9.929067964E-2,-2.989243749E-1,3.149832074E-1,-1.083744162E2
6.816666667E0,-9.093286842E-2,-2.989716662E-1,3.124945499E-1,-1.069172504E2
6.825000000E0,-8.244968005E-2,-2.990888363E-1,3.102451961E-1,-1.054119095E2
6.833333333E0,-7.375124806E-2,-2.996603682E-1,3.086026293E-1,-1.038266131E2
6.841666667E0,-6.567491799E-2,-2.990046170E-1,3.061322522E-1,-1.023880250E2
6.850000000E0,-5.715810029E-2,-2.993393945E-1,3.047476358E-1,-1.008103526E2
6.858333333E0,-4.911232199E-2,-2.989833845E-1,3.029902381E-1,-9.932834972E1
6.866666667E0,-4.110402957E-2,-2.975321078E-1,3.003579472E-1,-9.786561863E1
6.875000000E0,-3.323958453E-2,-2.950251882E-1,2.968917844E-1,-9.642823185E1
6.883333333E0,-2.505230588E-2,-2.944975791E-1,2.955612324E-1,-9.486232832E1
6.891666667E0,-1.711317182E-2,-2.925387436E-1,2.930388663E-1,-9.334792009E1
6.900000000E0,-9.924700892E-3,-2.909585879E-1,2.911278062E-1,-9.195362196E1
6.908333333E0,-3.326108670E-3,-2.884356275E-1,2.884548045E-1,-9.066067963E1
6.916666667E0,3.700548765E-3,-2.866856087E-1,2.867094911E-1,-8.926046497E1
6.925000000E0,9.777199026E-3,-2.841718219E-1,2.843399690E-1,-8.802946208E1
6.933333333E0,1.612111066E-2,-2.812957610E-1,2.817573342E-1,-8.671995648E1
6.941666667E0,2.278841233E-2,-2.795635807E-1,2.804908330E-1,-8.533988145E1
6.950000000E0,2.871101445E-2,-2.772070618E-1,2.786899306E-1,-8.408681967E1
6.958333333E0,3.398873142E-2,-2.745039419E-1,2.766001590E-1,-8.294163344E1
6.966666667E0,3.927709611E-2,-2.716259175E-1,2.744509598E-1,-8.177206281E1
6.975000000E0,4.390751405E-2,-2.690446033E-1,2.726038671E-1,-8.073116012E1
6.983333333E0,4.836856871E-2,-2.664053533E-1,2.707606520E-1,-7.970947088E1
6.991666667E0,5.263753971E-2,-2.640054108E-1,2.692017228E-1,-7.872419929E1
7.000000000E0,5.662257476E-2,-2.617816231E-1,2.678352743E-1,-7.779511054E1
7.008333333E0,5.996452680E-2,-2.590412124E-1,2.658911322E-1,-7.696637429E1
7.016666667E0,6.309171879E-2,-2.568267418E-1,2.644627389E-1,-7.619810211E1
7.025000000E0,6.592604007E-2,-2.548356884E-1,2.632251334E-1,-7.549556404E1
7.033333333E0,6.798737080E-2,-2.528203905E-1,2.618022774E-1,-7.494834555E1
7.041666667E0,7.020529940E-2,-2.520445130E-1,2.616394859E-1,-7.443518009E1
7.050000000E0,7.176361881E-2,-2.501405030E-1,2.602312207E-1,-7.399217262E1
7.058333333E0,7.326374733E-2,-2.492709028E-1,2.598144716E-1,-7.362129688E1
7.066666667E0,7.474682997E-2,-2.475929818E-1,2.586297996E-1,-7.320125095E1
7.075000000E0,7.572076554E-2,-2.469635313E-1,2.583110917E-1,-7.295409002E1
7.083333333E0,7.695967317E-2,-2.462678169E-1,2.580128465E-1,-7.264576756E1
7.091666667E0,7.694903735E-2,-2.462187126E-1,2.579628050E-1,-7.264476916E1
7.100000000E0,7.682201569E-2,-2.460980402E-1,2.578097506E-1,-7.266371358E1
7.108333333E0,7.662673658E-2,-2.463792312E-1,2.580201200E-1,-7.272371340E1
7.116666667E0,7.614441279E-2,-2.466923478E-1,2.581764631E-1,-7.284656056E1
7.125000000E0,7.486341720E-2,-2.473148211E-1,2.583972755E-1,-7.315867703E1
7.133333333E0,7.360898104E-2,-2.481066148E-1,2.587956228E-1,-7.347527960E1
7.141666667E0,7.190801664E-2,-2.493822817E-1,2.595424537E-1,-7.391537297E1
7.150000000E0,7.012960925E-2,-2.505254525E-1,2.601560386E-1,-7.436146863E1
7.158333333E0,6.771199375E-2,-2.521838398E-1,2.611160722E-1,-7.497042506E1
7.166666667E0,6.519312682E-2,-2.537777177E-1,2.620176975E-1,-7.559278103E1
7.175000000E0,6.223405452E-2,-2.556038163E-1,2.630710711E-1,-7.631596292E1
7.183333333E0,5.932624942E-2,-2.575856880E-1,2.643293221E-1,-7.703001042E1
7.191666667E0,5.583086903E-2,-2.598836715E-1,2.658131085E-1,-7.787541747E1
7.200000000E0,5.149977860E-2,-2.623799050E-1,2.673863156E-1,-7.889518733E1
7.208333333E0,4.742327996E-2,-2.645412741E-1,2.687583546E-1,-7.983676175E1
7.216666667E0,4.258947204E-2,-2.674023791E-1,2.707727747E-1,-8.095044795E1
7.225000000E0,3.761598601E-2,-2.696198678E-1,2.722312170E-1,-8.205765191E1
7.233333333E0,3.204882083E-2,-2.721982056E-1,2.740784378E-1,-8.328486844E1
7.241666667E0,2.662037159E-2,-2.749189026E-1,2.762047197E-1,-8.446929738E1
7.250000000E0,2.040292454E-2,-2.773149860E-1,2.780645263E-1,-8.579215304E1
7.258333333E0,1.432414072E-2,-2.802054400E-1,2.805713272E-1,-8.707357925E1
7.266666667E0,8.032234164E-3,-2.821440986E-1,2.822584085E-1,-8.836931252E1
7.275000000E0,1.547209167E-3,-2.845423825E-1,2.845465890E-1,-8.968845526E1
7.283333333E0,-5.890592332E-3,-2.865692039E-1,2.866297397E-1,-9.117758137E1
7.291666667E0,-1.407151707E-2,-2.890385837E-1,2.893809090E-1,-9.278717973E1
7.300000000E0,-2.041744807E-2,-2.903638295E-1,2.910807889E-1,-9.402223391E1
7.308333333E0,-2.715848581E-2,-2.920039825E-1,2.932642309E-1,-9.531363616E1
7.316666667E0,-3.509132955E-2,-2.939521590E-1,2.960393102E-1,-9.680762122E1
7.325000000E0,-4.278725140E-2,-2.960934281E-1,2.991689607E-1,-9.822265917E1
7.333333333E0,-5.160156528E-2,-2.966928518E-1,3.011467580E-1,-9.986633337E1
7.341666667E0,-5.940324894E-2,-2.974863605E-1,3.033593260E-1,-1.012925191E2
7.350000000E0,-6.771791774E-2,-2.983119338E-1,3.059014976E-1,-1.027896091E2
7.358333333E0,-7.586919490E-2,-2.989375285E-1,3.084149489E-1,-1.042407692E2
7.366666667E0,-8.397991586E-2,-2.988007003E-1,3.103779708E-1,-1.056983698E2
7.375000000E0,-9.252316119E-2,-2.983337449E-1,3.123516587E-1,-1.072303920E2
7.383333333E0,-1.006895040E-1,-2.988352233E-1,3.153424597E-1,-1.086207230E2
7.391666667E0,-1.093571903E-1,-2.981503004E-1,3.175729785E-1,-1.101423021E2
7.400000000E0,-1.175032837E-1,-2.970863979E-1,3.194798108E-1,-1.115797332E2
7.408333333E0,-1.256675746E-1,-2.965669953E-1,3.220936540E-1,-1.129643616E2
7.416666667E0,-1.334973551E-1,-2.955193001E-1,3.242733423E-1,-1.143105116E2
7.425000000E0,-1.409470909E-1,-2.943566763E-1,3.263616633E-1,-1.155865427E2
7.433333333E0,-1.483648496E-1,-2.927436683E-1,3.281935160E-1,-1.168762590E2
7.441666667E0,-1.557305173E-1,-2.904343532E-1,3.295513731E-1,-1.182001507E2
7.450000000E0,-1.630260123E-1,-2.888534313E-1,3.316832607E-1,-1.194399518E2
7.458333333E0,-1.694371994E-1,-2.872870791E-1,3.335308537E-1,-1.205314055E2
7.466666667E0,-1.754395531E-1,-2.862218406E-1,3.357111538E-1,-1.215061968E2
7.475000000E0,-1.818830315E-1,-2.835397832E-1,3.368623544E-1,-1.226790638E2
7.483333333E0,-1.881080098E-1,-2.810946547E-1,3.382289583E-1,-1.237903630E2
7.491666667E0,-1.942922281E-1,-2.800163752E-1,3.408205397E-1,-1.247552429E2
7.500000000E0,-1.997156162E-1,-2.776986578E-1,3.420568255E-1,-1.257229733E2
7.508333333E0,-2.049584653E-1,-2.755109246E-1,3.433864326E-1,-1.266463475E2
7.516666667E0,-2.100048987E-1,-2.734840170E-1,3.448123620E-1,-1.275202002E2
7.525000000E0,-2.146765657E-1,-2.710563636E-1,3.457709938E-1,-1.283792143E2
7.533333333E0,-2.188678834E-1,-2.689564697E-1,3.467574555E-1,-1.291375568E2
7.541666667E0,-2.226961347E-1,-2.672538287E-1,3.478766698E-1,-1.298036239E2
7.550000000E0,-2.267149007E-1,-2.655918323E-1,3.491971758E-1,-1.304847843E2
7.558333333E0,-2.304847279E-1,-2.634465204E-1,3.500389677E-1,-1.311821092E2
7.566666667E0,-2.333619723E-1,-2.613147318E-1,3.503472552E-1,-1.317658195E2
7.575000000E0,-2.357852448E-1,-2.602521707E-1,3.511778382E-1,-1.321761881E2
7.583333333E0,-2.387947554E-1,-2.586800055E-1,3.520486904E-1,-1.327109699E2
7.591666667E0,-2.404933518E-1,-2.572103760E-1,3.521281440E-1,-1.330762551E2
7.600000000E0,-2.419239122E-1,-2.556918584E-1,3.520021388E-1,-1.334151547E2
7.608333333E0,-2.434093118E-1,-2.547201982E-1,3.523215470E-1,-1.336992244E2
7.616666667E0,-2.445889862E-1,-2.543250621E-1,3.528526738E-1,-1.338820414E2
7.625000000E0,-2.455495861E-1,-2.540408097E-1,3.533147779E-1,-1.340262734E2
7.633333333E0,-2.467744663E-1,-2.543776708E-1,3.544088552E-1,-1.341308066E2
7.641666667E0,-2.467212172E-1,-2.546549132E-1,3.545708446E-1,-1.340934364E2
7.650000000E0,-2.468326513E-1,-2.543197026E-1,3.544077721E-1,-1.341440836E2
7.658333333E0,-2.458679024E-1,-2.543669432E-1,3.537705008E-1,-1.340266325E2
7.666666667E0,-2.446452497E-1,-2.547797810E-1,3.532195281E-1,-1.338374908E2
7.675000000E0,-2.436698263E-1,-2.557510161E-1,3.532471748E-1,-1.336142624E2
7.683333333E0,-2.423997808E-1,-2.569707665E-1,3.532585860E-1,-1.333286576E2
7.691666667E0,-2.406131756E-1,-2.576454980E-1,3.525278754E-1,-1.330421809E2
7.700000000E0,-2.383395644E-1,-2.588879549E-1,3.518930535E-1,-1.326335451E2
7.708333333E0,-2.362537820E-1,-2.607621334E-1,3.518703450E-1,-1.321769745E2
7.716666667E0,-2.331360741E-1,-2.618677644E-1,3.506096905E-1,-1.316780871E2
7.725000000E0,-2.298773512E-1,-2.636130363E-1,3.497648203E-1,-1.310892657E2
7.733333333E0,-2.267183481E-1,-2.651366626E-1,3.488533492E-1,-1.305337508E2
7.741666667E0,-2.230075851E-1,-2.668912221E-1,3.477977968E-1,-1.298812810E2
7.750000000E0,-2.187873078E-1,-2.689243893E-1,3.466817175E-1,-1.291305744E2
7.758333333E0,-2.141803641E-1,-2.709753264E-1,3.453995598E-1,-1.283230350E2
7.766666667E0,-2.091117810E-1,-2.726813721E-1,3.436318781E-1,-1.274835979E2
7.775000000E0,-2.046291206E-1,-2.752863287E-1,3.430096788E-1,-1.266246009E2
7.783333333E0,-1.992763083E-1,-2.780797743E-1,3.421102278E-1,-1.256259747E2
7.791666667E0,-1.934597453E-1,-2.796935258E-1,3.400810807E-1,-1.246710186E2
7.800000000E0,-1.872795520E-1,-2.817616866E-1,3.383242211E-1,-1.236109368E2
7.808333333E0,-1.810534789E-1,-2.837453830E-1,3.365884796E-1,-1.225413089E2
7.816666667E0,-1.742894539E-1,-2.865167254E-1,3.353634561E-1,-1.213123434E2
7.825000000E0,-1.683332854E-1,-2.877477836E-1,3.333689877E-1,-1.203277576E2
7.833333333E0,-1.611318825E-1,-2.890207500E-1,3.309025196E-1,-1.191400923E2
7.841666667E0,-1.543610426E-1,-2.911934024E-1,3.295768940E-1,-1.179279735E2
7.850000000E0,-1.472088961E-1,-2.932400161E-1,3.281160864E-1,-1.166570269E2
7.858333333E0,-1.395648750E-1,-2.954513529E-1,3.267565703E-1,-1.152850445E2
7.866666667E0,-1.318710578E-1,-2.964582825E-1,3.244649275E-1,-1.139805331E2
7.875000000E0,-1.242319382E-1,-2.972885455E-1,3.222018836E-1,-1.126792387E2
7.883333333E0,-1.157576384E-1,-2.987517776E-1,3.203942188E-1,-1.111799029E2
7.891666667E0,-1.076069357E-1,-2.986269332E-1,3.174229006E-1,-1.098160702E2
7.900000000E0,-9.927873354E-2,-2.987689017E-1,3.148318973E-1,-1.083812720E2
7.908333333E0,-9.079947722E-2,-2.990177213E-1,3.124998284E-1,-1.068913948E2
7.916666667E0,-8.297392328E-2,-2.990122526E-1,3.103111328E-1,-1.055089828E2
7.925000000E0,-7.480618871E-2,-2.988121741E-1,3.080335716E-1,-1.040548562E2
7.933333333E0,-6.638648312E-2,-2.990985831E-1,3.063774267E-1,-1.025142271E2
7.941666667E0,-5.937361094E-2,-2.986746428E-1,3.045189123E-1,-1.012432701E2
7.950000000E0,-5.104478882E-2,-2.977982390E-1,3.021412942E-1,-9.972639397E1
7.958333333E0,-4.317323675E-2,-2.965161452E-1,2.996427084E-1,-9.828414589E1
7.966666667E0,-3.395061631E-2,-2.953218862E-1,2.972669857E-1,-9.655801342E1
7.975000000E0,-2.721565356E-2,-2.936404007E-1,2.948989263E-1,-9.529525197E1
7.983333333E0,-2.042743299E-2,-2.917399817E-1,2.924542647E-1,-9.400527408E1
7.991666667E0,-1.303078890E-2,-2.894383406E-1,2.897315213E-1,-9.257776972E1
8.000000000E0,-5.712407882E-3,-2.876243642E-1,2.876810847E-1,-9.113778205E1
8.008333333E0,7.591661823E-4,-2.852535565E-1,2.852545668E-1,-8.984751491E1
8.016666667E0,7.668303120E-3,-2.833356066E-1,2.834393566E-1,-8.844970358E1
8.025000000E0,1.383811142E-2,-2.810524685E-1,2.813929341E-1,-8.718121811E1
8.033333333E0,1.955460224E-2,-2.784419700E-1,2.791277721E-1,-8.598279076E1
8.041666667E0,2.476105315E-2,-2.764152189E-1,2.775220405E-1,-8.488115289E1
8.050000000E0,3.022649507E-2,-2.741693265E-1,2.758304925E-1,-8.370868819E1
8.058333333E0,3.502897539E-2,-2.716856090E-1,2.739344799E-1,-8.265326967E1
8.066666667E0,3.977368859E-2,-2.687529420E-1,2.716801247E-1,-8.158170155E1
8.075000000E0,4.376144419E-2,-2.662173289E-1,2.697901595E-1,-8.066506619E1
8.083333333E0,4.790739771E-2,-2.641968437E-1,2.685052904E-1,-7.972210892E1
8.091666667E0,5.263940222E-2,-2.610747499E-1,2.663286160E-1,-7.860052752E1
8.100000000E0,5.598245045E-2,-2.587546166E-1,2.647413575E-1,-7.779202049E1
8.108333333E0,5.888209499E-2,-2.572726986E-1,2.639248806E-1,-7.710872242E1
8.116666667E0,6.208260437E-2,-2.554737413E-1,2.629088858E-1,-7.634132558E1
8.125000000E0,6.438010584E-2,-2.537993611E-1,2.618375713E-1,-7.576627159E1
8.133333333E0,6.643176308E-2,-2.518713493E-1,2.604848475E-1,-7.522456613E1
8.141666667E0,6.850548539E-2,-2.503530020E-1,2.595565972E-1,-7.469645397E1
8.150000000E0,6.978523411E-2,-2.486368591E-1,2.582445868E-1,-7.432209257E1
8.158333333E0,7.093686723E-2,-2.476011386E-1,2.575623477E-1,-7.401317591E1
8.166666667E0,7.197337398E-2,-2.471646661E-1,2.574306484E-1,-7.376464888E1
8.175000000E0,7.302403476E-2,-2.469608465E-1,2.575309095E-1,-7.352753968E1
8.183333333E0,7.283693728E-2,-2.467366854E-1,2.572629227E-1,-7.355334240E1
8.191666667E0,7.252703009E-2,-2.467160075E-1,2.571555142E-1,-7.361826196E1
8.200000000E0,7.257231377E-2,-2.470040849E-1,2.574446711E-1,-7.362667518E1
8.208333333E0,7.227717320E-2,-2.471076882E-1,2.574610638E-1,-7.369619193E1
8.216666667E0,7.090165127E-2,-2.472610780E-1,2.572257469E-1,-7.399985481E1
8.225000000E0,6.962987996E-2,-2.477967340E-1,2.573937481E-1,-7.430485178E1
8.233333333E0,6.805404687E-2,-2.489959105E-1,2.581284888E-1,-7.471360088E1
8.241666667E0,6.567221395E-2,-2.504724715E-1,2.589387933E-1,-7.530813499E1
8.250000000E0,6.348413328E-2,-2.519930767E-1,2.598667849E-1,-7.585983096E1
8.258333333E0,6.099672701E-2,-2.535039312E-1,2.607390340E-1,-7.647097951E1
8.266666667E0,5.858577250E-2,-2.553305564E-1,2.619656194E-1,-7.707713090E1
8.275000000E0,5.521717228E-2,-2.579512348E-1,2.637949500E-1,-7.791758039E1
8.283333333E0,5.161422886E-2,-2.600769004E-1,2.651490576E-1,-7.877506855E1
8.291666667E0,4.786384037E-2,-2.620501172E-1,2.663854560E-1,-7.964894396E1
8.300000000E0,4.367241926E-2,-2.644781278E-1,2.680596208E-1,-8.062354411E1
8.308333333E0,3.976694651E-2,-2.665372947E-1,2.694875498E-1,-8.151415550E1
8.316666667E0,3.539513430E-2,-2.694680456E-1,2.717827131E-1,-8.251693135E1
8.325000000E0,3.047100077E-2,-2.724338815E-1,2.741326352E-1,-8.361814412E1
8.333333333E0,2.524133483E-2,-2.745866180E-1,2.757443305E-1,-8.474785449E1
8.341666667E0,1.822451312E-2,-2.767628205E-1,2.773622030E-1,-8.623257787E1
8.350000000E0,1.219133763E-2,-2.788758305E-1,2.791421816E-1,-8.749685110E1
8.358333333E0,5.923841984E-3,-2.810174871E-1,2.810799174E-1,-8.879238518E1
8.366666667E0,8.713027491E-5,-2.833885518E-1,2.833885652E-1,-8.998238391E1
8.375000000E0,-6.660622622E-3,-2.851091559E-1,2.851869469E-1,-9.133828098E1
8.383333333E0,-1.434316442E-2,-2.874288276E-1,2.877864786E-1,-9.285678255E1
8.391666667E0,-2.036914560E-2,-2.895680455E-1,2.902835770E-1,-9.402374102E1
8.400000000E0,-2.732819458E-2,-2.911305619E-1,2.924103868E-1,-9.536259544E1
8.408333333E0,-3.535087201E-2,-2.931339057E-1,2.952578040E-1,-9.687645297E1
8.416666667E0,-4.380668125E-2,-2.936396309E-1,2.968893028E-1,-9.848510174E1
8.425000000E0,-5.116425043E-2,-2.954322381E-1,2.998299316E-1,-9.982527856E1
8.433333333E0,-5.928412631E-2,-2.952533690E-1,3.011464088E-1,-1.013534864E2
8.441666667E0,-6.726248103E-2,-2.958164961E-1,3.033671714E-1,-1.028100599E2
8.450000000E0,-7.509625229E-2,-2.972456665E-1,3.065851160E-1,-1.041785374E2
8.458333333E0,-8.350095326E-2,-2.977534143E-1,3.092402058E-1,-1.056654402E2
8.466666667E0,-9.215922155E-2,-2.988011748E-1,3.126906845E-1,-1.071413278E2
8.475000000E0,-1.000980334E-1,-2.977166970E-1,3.140936930E-1,-1.085836267E2
8.483333333E0,-1.076460786E-1,-2.968415617E-1,3.157571710E-1,-1.099325771E2
8.491666667E0,-1.157575249E-1,-2.969794864E-1,3.187422468E-1,-1.112949860E2
8.500000000E0,-1.232603443E-1,-2.962247153E-1,3.208460604E-1,-1.125923992E2
8.508333333E0,-1.306793710E-1,-2.948911431E-1,3.225490417E-1,-1.139002605E2
8.516666667E0,-1.385057051E-1,-2.934527058E-1,3.244970276E-1,-1.152666763E2
8.525000000E0,-1.459310765E-1,-2.920937895E-1,3.265190055E-1,-1.165468736E2
8.533333333E0,-1.533674229E-1,-2.906028747E-1,3.285903182E-1,-1.178231223E2
8.541666667E0,-1.601455292E-1,-2.883671409E-1,3.298517826E-1,-1.190457307E2
8.550000000E0,-1.677940974E-1,-2.871529225E-1,3.325833129E-1,-1.202993273E2
8.558333333E0,-1.741836170E-1,-2.853846314E-1,3.343416221E-1,-1.213976734E2
8.566666667E0,-1.809523847E-1,-2.836850699E-1,3.364832602E-1,-1.225323216E2
8.575000000E0,-1.868345946E-1,-2.820318118E-1,3.383032791E-1,-1.235228523E2
8.583333333E0,-1.928989596E-1,-2.797102663E-1,3.397761641E-1,-1.245916401E2
8.591666667E0,-1.981408454E-1,-2.773868210E-1,3.408859678E-1,-1.255386902E2
8.600000000E0,-2.028216456E-1,-2.738017025E-1,3.407403590E-1,-1.265296079E2
8.608333333E0,-2.082348649E-1,-2.720927345E-1,3.426313108E-1,-1.274271349E2
8.616666667E0,-2.131563737E-1,-2.702679837E-1,3.442098527E-1,-1.282623237E2
8.625000000E0,-2.173499119E-1,-2.684448492E-1,3.454035628E-1,-1.289958179E2
8.633333333E0,-2.213240930E-1,-2.664479047E-1,3.463796184E-1,-1.297146080E2
8.641666667E0,-2.248778864E-1,-2.643415391E-1,3.470540492E-1,-1.303881320E2
8.650000000E0,-2.287758526E-1,-2.624245686E-1,3.481451493E-1,-1.310811879E2
8.658333333E0,-2.317414087E-1,-2.612290439E-1,3.492058045E-1,-1.315768611E2
8.666666667E0,-2.344828235E-1,-2.596514071E-1,3.498586110E-1,-1.320841759E2
8.675000000E0,-2.365136446E-1,-2.578952659E-1,3.499266669E-1,-1.325236818E2
8.683333333E0,-2.383451298E-1,-2.561280840E-1,3.498713997E-1,-1.329403347E2
8.691666667E0,-2.405783750E-1,-2.558017982E-1,3.511588166E-1,-1.332433533E2
8.700000000E0,-2.422279432E-1,-2.548673117E-1,3.516130302E-1,-1.335434855E2
8.708333333E0,-2.431803711E-1,-2.541824619E-1,3.517746677E-1,-1.337327751E2
8.716666667E0,-2.440106056E-1,-2.532240373E-1,3.516583409E-1,-1.339384683E2
8.725000000E0,-2.448307236E-1,-2.533845412E-1,3.523433112E-1,-1.340163900E2
8.733333333E0,-2.449285066E-1,-2.531924006E-1,3.522731399E-1,-1.340495424E2
8.741666667E0,-2.447119446E-1,-2.536266777E-1,3.524349975E-1,-1.339751505E2
8.750000000E0,-2.444384877E-1,-2.541693415E-1,3.526361133E-1,-1.338819548E2
8.758333333E0,-2.429237768E-1,-2.534008174E-1,3.510326703E-1,-1.337907086E2
8.766666667E0,-2.422370207E-1,-2.545511094E-1,3.513901557E-1,-1.335800771E2
8.775000000E0,-2.411479391E-1,-2.551259174E-1,3.510577763E-1,-1.333866418E2
8.783333333E0,-2.395885722E-1,-2.561994252E-1,3.507717625E-1,-1.330810832E2
8.791666667E0,-2.375945036E-1,-2.573947876E-1,3.502902009E-1,-1.327093076E2
8.800000000E0,-2.354157539E-1,-2.593382028E-1,3.502525954E-1,-1.322317782E2
8.808333333E0,-2.320778758E-1,-2.607946388E-1,3.491045461E-1,-1.316654840E2
8.816666667E0,-2.287663890E-1,-2.619334965E-1,3.477689137E-1,-1.311331778E2
8.825000000E0,-2.258164341E-1,-2.639901395E-1,3.473958199E-1,-1.305435880E2
8.833333333E0,-2.219754657E-1,-2.650796904E-1,3.457460768E-1,-1.299425182E2
8.841666667E0,-2.182703608E-1,-2.672253683E-1,3.450381832E-1,-1.292420372E2
8.850000000E0,-2.137547022E-1,-2.687924560E-1,3.434246018E-1,-1.284931489E2
8.858333333E0,-2.095626306E-1,-2.712783109E-1,3.427950089E-1,-1.276861041E2
8.866666667E0,-2.042074685E-1,-2.731225928E-1,3.410229331E-1,-1.267846182E2
8.875000000E0,-1.987950811E-1,-2.752817705E-1,3.395578558E-1,-1.258349813E2
8.883333333E0,-1.934831005E-1,-2.784306749E-1,3.390565601E-1,-1.247956623E2
8.891666667E0,-1.873587949E-1,-2.798815655E-1,3.368041103E-1,-1.237992108E2
8.900000000E0,-1.811091477E-1,-2.815558810E-1,3.347749057E-1,-1.227509096E2
8.908333333E0,-1.751575490E-1,-2.840095665E-1,3.336788888E-1,-1.216634281E2
8.916666667E0,-1.691521190E-1,-2.862067563E-1,3.324556312E-1,-1.205836699E2
8.925000000E0,-1.621754033E-1,-2.885182705E-1,3.309737963E-1,-1.193402327E2
8.933333333E0,-1.552512794E-1,-2.904517089E-1,3.293404848E-1,-1.181252465E2
8.941666667E0,-1.481429554E-1,-2.922679683E-1,3.276688886E-1,-1.168792527E2
8.950000000E0,-1.410615734E-1,-2.937619992E-1,3.258749449E-1,-1.156498527E2
8.958333333E0,-1.327771910E-1,-2.947291945E-1,3.232569884E-1,-1.142518374E2
8.966666667E0,-1.249415338E-1,-2.962958962E-1,3.215612616E-1,-1.128640946E2
8.975000000E0,-1.178531568E-1,-2.966477946E-1,3.192010034E-1,-1.116670885E2
8.983333333E0,-1.094713288E-1,-2.979804989E-1,3.174529092E-1,-1.101721959E2
