mass_A
t,x,y,r,θ
0.000000000E0,-2.510494692E-1,-2.420861534E-1,3.487571385E-1,-1.360413030E2
8.333333333E-3,-2.512788868E-1,-2.411950137E-1,3.483046276E-1,-1.361730218E2
1.666666667E-2,-2.505088232E-1,-2.402389354E-1,3.470870447E-1,-1.361988549E2
2.500000000E-2,-2.483910362E-1,-2.460738030E-1,3.496432802E-1,-1.352685059E2
3.333333333E-2,-2.470618196E-1,-2.467384113E-1,3.491695667E-1,-1.350375252E2
4.166666667E-2,-2.444033866E-1,-2.474030195E-1,3.477661131E-1,-1.346505451E2
5.000000000E-2,-2.404157370E-1,-2.493968443E-1,3.464080146E-1,-1.339495535E2
5.833333333E-2,-2.370926957E-1,-2.513906691E-1,3.455578314E-1,-1.333234236E2
6.666666667E-2,-2.331050461E-1,-2.533844939E-1,3.442988008E-1,-1.326129919E2
7.500000000E-2,-2.311112213E-1,-2.560429270E-1,3.449208272E-1,-1.320702573E2
8.333333333E-2,-2.277881800E-1,-2.573721435E-1,3.436973599E-1,-1.315105554E2
9.166666667E-2,-2.231359221E-1,-2.587013600E-1,3.416372834E-1,-1.307785317E2
1.000000000E-1,-2.178190560E-1,-2.613597931E-1,3.402265166E-1,-1.298080587E2
1.083333333E-1,-2.144960147E-1,-2.626890096E-1,3.391372231E-1,-1.292330040E2
1.166666667E-1,-2.111729734E-1,-2.640182262E-1,3.380823101E-1,-1.286543021E2
1.250000000E-1,-2.038622824E-1,-2.693350923E-1,3.377887241E-1,-1.271224240E2
1.333333333E-1,-1.978808081E-1,-2.719935253E-1,3.363588739E-1,-1.260366495E2
1.416666667E-1,-1.918993337E-1,-2.733227419E-1,3.339620869E-1,-1.250726139E2
1.500000000E-1,-1.859178593E-1,-2.773103914E-1,3.338659965E-1,-1.238391791E2
1.583333333E-1,-1.795405821E-1,-2.796098062E-1,3.322897295E-1,-1.227049736E2
1.666666667E-1,-1.725325997E-1,-2.815831756E-1,3.302371613E-1,-1.214967762E2
1.750000000E-1,-1.664396346E-1,-2.833784182E-1,3.286418717E-1,-1.204274434E2
1.833333333E-1,-1.584717165E-1,-2.858982146E-1,3.268808255E-1,-1.189993482E2
1.916666667E-1,-1.503356017E-1,-2.879660755E-1,3.248465080E-1,-1.175672655E2
2.000000000E-1,-1.419059141E-1,-2.896845636E-1,3.225746965E-1,-1.160985502E2
2.083333333E-1,-1.344693001E-1,-2.914167667E-1,3.209450492E-1,-1.147701569E2
2.166666667E-1,-1.267586593E-1,-2.926783727E-1,3.189488792E-1,-1.134173797E2
2.250000000E-1,-1.182867486E-1,-2.942786427E-1,3.171619057E-1,-1.118979036E2
2.333333333E-1,-1.099622361E-1,-2.962584729E-1,3.160075571E-1,-1.103634115E2
2.416666667E-1,-1.013614129E-1,-2.971069163E-1,3.139214165E-1,-1.088376604E2
2.500000000E-1,-9.286151119E-2,-2.977476801E-1,3.118925156E-1,-1.073216498E2
2.583333333E-1,-8.417824546E-2,-2.972214310E-1,3.089118905E-1,-1.058130386E2
2.666666667E-1,-7.585352920E-2,-2.974153063E-1,3.069358603E-1,-1.043078357E2
2.750000000E-1,-6.672890778E-2,-2.972084609E-1,3.046073150E-1,-1.026541424E2
2.833333333E-1,-5.819734782E-2,-2.973664462E-1,3.030078128E-1,-1.010733492E2
2.916666667E-1,-5.002761234E-2,-2.968094922E-1,3.009960742E-1,-9.956735059E1
3.000000000E-1,-4.099388667E-2,-2.962571816E-1,2.990799498E-1,-9.787814125E1
3.083333333E-1,-3.292770717E-2,-2.943893815E-1,2.962251540E-1,-9.638205627E1
3.166666667E-1,-2.462211068E-2,-2.932991779E-1,2.943308616E-1,-9.479865970E1
3.250000000E-1,-1.820605211E-2,-2.923024757E-1,2.928689086E-1,-9.356406207E1
3.333333333E-1,-8.992061777E-3,-2.901177250E-1,2.902570439E-1,-9.177528727E1
3.416666667E-1,-4.240250573E-4,-2.880925156E-1,2.880928276E-1,-9.008432995E1
3.500000000E-1,6.996669157E-3,-2.856080389E-1,2.856937263E-1,-8.859668008E1
3.583333333E-1,1.382389899E-2,-2.834657800E-1,2.838026578E-1,-8.720804373E1
3.666666667E-1,2.049203199E-2,-2.808664823E-1,2.816130399E-1,-8.582709107E1
3.750000000E-1,2.705054805E-2,-2.783119404E-1,2.796234403E-1,-8.444857021E1
3.833333333E-1,3.331605230E-2,-2.761195898E-1,2.781222523E-1,-8.312006101E1
3.916666667E-1,3.937751340E-2,-2.738643867E-1,2.766808466E-1,-8.181782125E1
4.000000000E-1,4.450232735E-2,-2.712204067E-1,2.748471687E-1,-8.068183817E1
4.083333333E-1,5.048646445E-2,-2.682036926E-1,2.729140960E-1,-7.933943229E1
4.166666667E-1,5.477469262E-2,-2.653892686E-1,2.709828977E-1,-7.833825814E1
4.250000000E-1,5.955462514E-2,-2.632730801E-1,2.699249304E-1,-7.725372467E1
4.333333333E-1,6.404288234E-2,-2.610894463E-1,2.688292948E-1,-7.621797330E1
4.416666667E-1,6.740889379E-2,-2.589844571E-1,2.676133554E-1,-7.541067096E1
4.500000000E-1,7.101203989E-2,-2.569351244E-1,2.665677549E-1,-7.455020140E1
4.583333333E-1,7.452356914E-2,-2.548366794E-1,2.655098784E-1,-7.369914892E1
4.666666667E-1,7.808834728E-2,-2.513730469E-1,2.632227169E-1,-7.274273637E1
4.750000000E-1,7.995915205E-2,-2.504313840E-1,2.628865612E-1,-7.229246246E1
4.833333333E-1,8.237014334E-2,-2.485341320E-1,2.618282936E-1,-7.166357140E1
4.916666667E-1,8.395166096E-2,-2.474518305E-1,2.613049747E-1,-7.125974139E1
5.000000000E-1,8.529185448E-2,-2.467371316E-1,2.610630433E-1,-7.093080511E1
5.083333333E-1,8.614884467E-2,-2.457191305E-1,2.603833991E-1,-7.067939237E1
5.166666667E-1,8.668611839E-2,-2.459991600E-1,2.608257461E-1,-7.058836809E1
5.250000000E-1,8.704648955E-2,-2.455658251E-1,2.605372638E-1,-7.048195037E1
5.333333333E-1,8.692614642E-2,-2.452910216E-1,2.602380453E-1,-7.048670925E1
5.416666667E-1,8.637741702E-2,-2.458080513E-1,2.605430027E-1,-7.063842773E1
5.500000000E-1,8.530626573E-2,-2.466020913E-1,2.609401280E-1,-7.091812701E1
5.583333333E-1,8.430671814E-2,-2.477968052E-1,2.617458298E-1,-7.121040148E1
5.666666667E-1,8.298765499E-2,-2.486997759E-1,2.621803375E-1,-7.154686295E1
5.750000000E-1,8.187610328E-2,-2.508996069E-1,2.639210280E-1,-7.192693487E1
5.833333333E-1,7.890067578E-2,-2.512286535E-1,2.633270836E-1,-7.256462274E1
5.916666667E-1,7.630836540E-2,-2.533542637E-1,2.645965789E-1,-7.323810069E1
6.000000000E-1,7.373390923E-2,-2.547957322E-1,2.652499849E-1,-7.386038160E1
6.083333333E-1,7.078775130E-2,-2.570846905E-1,2.666522901E-1,-7.460521418E1
6.166666667E-1,6.721488431E-2,-2.593332207E-1,2.679021464E-1,-7.546961385E1
6.250000000E-1,6.301988886E-2,-2.616633379E-1,2.691453303E-1,-7.645858385E1
6.333333333E-1,5.880687351E-2,-2.642765828E-1,2.707403934E-1,-7.745492482E1
6.416666667E-1,5.413736092E-2,-2.670540529E-1,2.724861850E-1,-7.854026205E1
6.500000000E-1,4.925555331E-2,-2.693412160E-1,2.738079622E-1,-7.963659648E1
6.583333333E-1,4.401787854E-2,-2.718863788E-1,2.754265358E-1,-8.080371803E1
6.666666667E-1,3.856413970E-2,-2.751663407E-1,2.778555522E-1,-8.202204699E1
6.750000000E-1,3.264051436E-2,-2.772678404E-1,2.791824824E-1,-8.328593014E1
6.833333333E-1,2.587355394E-2,-2.803508652E-1,2.815422676E-1,-8.472711473E1
6.916666667E-1,1.929732319E-2,-2.828016902E-1,2.834593139E-1,-8.609640272E1
7.000000000E-1,1.273455331E-2,-2.849586565E-1,2.852430626E-1,-8.744120419E1
7.083333333E-1,5.809749387E-3,-2.870552171E-1,2.871140033E-1,-8.884054126E1
7.166666667E-1,-1.752705983E-3,-2.891686205E-1,2.891739322E-1,-9.034727636E1
7.250000000E-1,-9.039003691E-3,-2.910970543E-1,2.912373579E-1,-9.177854911E1
7.333333333E-1,-2.044029674E-2,-2.936181246E-1,2.943287428E-1,-9.398223483E1
7.416666667E-1,-2.529623429E-2,-2.941932472E-1,2.952787939E-1,-9.491449516E1
7.500000000E-1,-3.374813571E-2,-2.958614316E-1,2.977799915E-1,-9.650745260E1
7.583333333E-1,-4.247782659E-2,-2.970161957E-1,3.000383080E-1,-9.813897628E1
7.666666667E-1,-5.146305191E-2,-2.977884349E-1,3.022025772E-1,-9.980486829E1
7.750000000E-1,-5.935490451E-2,-2.986094024E-1,3.044512767E-1,-1.012422111E2
7.833333333E-1,-6.781810296E-2,-2.988340089E-1,3.064327985E-1,-1.027862672E2
7.916666667E-1,-7.618430114E-2,-2.990641771E-1,3.086153427E-1,-1.042916882E2
8.000000000E-1,-8.429416017E-2,-2.989316375E-1,3.105891649E-1,-1.057476420E2
8.083333333E-1,-9.376968712E-2,-2.990544765E-1,3.134108073E-1,-1.074090181E2
8.166666667E-1,-1.023122690E-1,-2.984832751E-1,3.155314024E-1,-1.089203753E2
8.250000000E-1,-1.109119417E-1,-2.984435765E-1,3.183866002E-1,-1.103868050E2
8.333333333E-1,-1.191696526E-1,-2.972147521E-1,3.202155758E-1,-1.118485495E2
8.416666667E-1,-1.286452506E-1,-2.953988100E-1,3.221956819E-1,-1.135329736E2
8.500000000E-1,-1.370514500E-1,-2.939413018E-1,3.243217366E-1,-1.149974974E2
8.583333333E-1,-1.449335722E-1,-2.927400480E-1,3.266534495E-1,-1.163396934E2
8.666666667E-1,-1.528914323E-1,-2.911482839E-1,3.288512024E-1,-1.177054248E2
8.750000000E-1,-1.605719652E-1,-2.889488328E-1,3.305673668E-1,-1.190613973E2
8.833333333E-1,-1.686389422E-1,-2.867998168E-1,3.327059178E-1,-1.204556247E2
8.916666667E-1,-1.752421394E-1,-2.843586317E-1,3.340204168E-1,-1.216443475E2
9.000000000E-1,-1.825864494E-1,-2.817968054E-1,3.357785744E-1,-1.229406770E2
9.083333333E-1,-1.888664822E-1,-2.794549618E-1,3.372916006E-1,-1.240523503E2
9.166666667E-1,-1.952505465E-1,-2.772318981E-1,3.390874536E-1,-1.251565007E2
9.250000000E-1,-2.014573165E-1,-2.743132954E-1,3.403422313E-1,-1.262937818E2
9.333333333E-1,-2.075757815E-1,-2.722615242E-1,3.423653643E-1,-1.273223757E2
9.416666667E-1,-2.128401046E-1,-2.701597612E-1,3.439290722E-1,-1.282321187E2
9.500000000E-1,-2.180482416E-1,-2.667378973E-1,3.445201612E-1,-1.292647123E2
9.583333333E-1,-2.225011904E-1,-2.640828459E-1,3.453209076E-1,-1.301155834E2
9.666666667E-1,-2.278082042E-1,-2.623921138E-1,3.474855382E-1,-1.309644370E2
9.750000000E-1,-2.320080514E-1,-2.602892730E-1,3.486807157E-1,-1.317121178E2
9.833333333E-1,-2.354371669E-1,-2.574383536E-1,3.488626742E-1,-1.324441034E2
9.916666667E-1,-2.395475291E-1,-2.557435000E-1,3.504108396E-1,-1.331271007E2
1.000000000E0,-2.427644752E-1,-2.539599305E-1,3.513263963E-1,-1.337088540E2
1.008333333E0,-2.457455367E-1,-2.526629302E-1,3.524619484E-1,-1.342048449E2
1.016666667E0,-2.485675388E-1,-2.506250262E-1,3.529854460E-1,-1.347638493E2
1.025000000E0,-2.501580008E-1,-2.490756184E-1,3.530123072E-1,-1.351242221E2
1.033333333E0,-2.521202224E-1,-2.484305990E-1,3.539524955E-1,-1.354223268E2
1.041666667E0,-2.540162495E-1,-2.480577992E-1,3.550449645E-1,-1.356799356E2
1.050000000E0,-2.552866625E-1,-2.469288847E-1,3.551691909E-1,-1.359534177E2
1.058333333E0,-2.561513692E-1,-2.457430361E-1,3.549692434E-1,-1.361880349E2
1.066666667E0,-2.573499614E-1,-2.455381407E-1,3.556936620E-1,-1.363455142E2
1.075000000E0,-2.569666867E-1,-2.444804138E-1,3.546865529E-1,-1.364263976E2
1.083333333E0,-2.570550020E-1,-2.451271446E-1,3.551965527E-1,-1.363606366E2
1.091666667E0,-2.565577788E-1,-2.447842701E-1,3.546001026E-1,-1.363452859E2
1.100000000E0,-2.555044294E-1,-2.450411864E-1,3.540165201E-1,-1.361975180E2
1.108333333E0,-2.546032413E-1,-2.456351988E-1,3.537788311E-1,-1.360270621E2
1.116666667E0,-2.533622076E-1,-2.466313249E-1,3.535808517E-1,-1.357712657E2
1.125000000E0,-2.519624058E-1,-2.479891735E-1,3.535303157E-1,-1.354553334E2
1.133333333E0,-2.499802058E-1,-2.499262445E-1,3.534872430E-1,-1.350061847E2
1.141666667E0,-2.476780179E-1,-2.522563034E-1,3.535217718E-1,-1.344753129E2
1.150000000E0,-2.455816359E-1,-2.534280581E-1,3.528967561E-1,-1.340991561E2
1.158333333E0,-2.417868487E-1,-2.541520300E-1,3.507907276E-1,-1.335717475E2
1.166666667E0,-2.384041692E-1,-2.567238055E-1,3.503479131E-1,-1.328810342E2
1.175000000E0,-2.353372806E-1,-2.590119002E-1,3.499582834E-1,-1.322581725E2
1.183333333E0,-2.312772769E-1,-2.609879967E-1,3.487175264E-1,-1.315460973E2
1.191666667E0,-2.270087364E-1,-2.634229132E-1,3.477421424E-1,-1.307536239E2
1.200000000E0,-2.225146400E-1,-2.658587759E-1,3.466895639E-1,-1.299281718E2
1.208333333E0,-2.173721270E-1,-2.673985383E-1,3.446050201E-1,-1.291081585E2
1.216666667E0,-2.119989482E-1,-2.715180601E-1,3.444787526E-1,-1.279824096E2
1.225000000E0,-2.061792264E-1,-2.736651425E-1,3.426404582E-1,-1.269943576E2
1.233333333E0,-1.998551677E-1,-2.759927352E-1,3.407551584E-1,-1.259094997E2
1.241666667E0,-1.938714276E-1,-2.788763418E-1,3.396441438E-1,-1.248065550E2
1.250000000E0,-1.871451394E-1,-2.822598352E-1,3.386649049E-1,-1.235453467E2
1.258333333E0,-1.803065662E-1,-2.844855623E-1,3.368122518E-1,-1.223664679E2
1.266666667E0,-1.735122407E-1,-2.857304663E-1,3.342878955E-1,-1.212685707E2
1.275000000E0,-1.657723828E-1,-2.889247732E-1,3.331035987E-1,-1.198453163E2
1.283333333E0,-1.582917148E-1,-2.906079598E-1,3.309218235E-1,-1.185767588E2
1.291666667E0,-1.503321493E-1,-2.913221752E-1,3.278236795E-1,-1.172952728E2
1.300000000E0,-1.422188586E-1,-2.945413630E-1,3.270792232E-1,-1.157735044E2
1.308333333E0,-1.343696409E-1,-2.944112116E-1,3.236250329E-1,-1.145320147E2
1.316666667E0,-1.259019410E-1,-2.970490319E-1,3.226289294E-1,-1.129692847E2
1.325000000E0,-1.173779641E-1,-2.986221981E-1,3.208625931E-1,-1.114580576E2
1.333333333E0,-1.091879988E-1,-2.992191955E-1,3.185186745E-1,-1.100475185E2
1.341666667E0,-9.945731188E-2,-2.997451425E-1,3.158146725E-1,-1.083561669E2
1.350000000E0,-9.099775776E-2,-2.996762179E-1,3.131875277E-1,-1.068911010E2
1.358333333E0,-8.225780871E-2,-3.006148501E-1,3.116659031E-1,-1.053033499E2
1.366666667E0,-7.369216468E-2,-2.998241025E-1,3.087475143E-1,-1.038087048E2
1.375000000E0,-6.444693438E-2,-3.004451092E-1,3.072794673E-1,-1.021067611E2
1.383333333E0,-5.600832878E-2,-2.998847188E-1,3.050701189E-1,-1.005790340E2
1.391666667E0,-4.771495056E-2,-2.992203449E-1,3.030008768E-1,-9.906034492E1
1.400000000E0,-3.913447294E-2,-2.982595788E-1,3.008160290E-1,-9.747504585E1
1.408333333E0,-3.004632723E-2,-2.969368106E-1,2.984530972E-1,-9.577795671E1
1.416666667E0,-2.473068354E-2,-2.940036846E-1,2.950419856E-1,-9.480822520E1
1.425000000E0,-1.366797629E-2,-2.935706120E-1,2.938886146E-1,-9.266563554E1
1.433333333E0,-5.818514487E-3,-2.915276984E-1,2.915857576E-1,-9.114339759E1
1.441666667E0,7.522222244E-4,-2.888338429E-1,2.888348224E-1,-8.985078251E1
1.450000000E0,8.218849277E-3,-2.857555612E-1,2.858737313E-1,-8.835252344E1
1.458333333E0,1.449331530E-2,-2.822532466E-1,2.826251075E-1,-8.706052234E1
1.466666667E0,2.156692904E-2,-2.809719207E-1,2.817984256E-1,-8.561067983E1
1.475000000E0,2.820013550E-2,-2.779712347E-1,2.793980225E-1,-8.420717185E1
1.483333333E0,3.462904458E-2,-2.767916121E-1,2.789493991E-1,-8.286885031E1
1.491666667E0,3.979232008E-2,-2.732743629E-1,2.761563075E-1,-8.171521253E1
1.500000000E0,4.525732298E-2,-2.705544477E-1,2.743135696E-1,-8.050370072E1
1.508333333E0,5.013225606E-2,-2.682305331E-1,2.728751766E-1,-7.941356457E1
1.516666667E0,5.526250545E-2,-2.658230786E-1,2.715066364E-1,-7.825594500E1
1.525000000E0,5.966486996E-2,-2.634627972E-1,2.701343041E-1,-7.723979600E1
1.533333333E0,6.385914352E-2,-2.615904464E-1,2.692722635E-1,-7.628133954E1
1.541666667E0,6.727898375E-2,-2.589855873E-1,2.675817559E-1,-7.543765190E1
1.550000000E0,7.045678221E-2,-2.568714139E-1,2.663589334E-1,-7.466167463E1
1.558333333E0,7.352706165E-2,-2.549293517E-1,2.653209437E-1,-7.391131069E1
1.566666667E0,7.659247429E-2,-2.539102346E-1,2.652108866E-1,-7.321396956E1
1.575000000E0,7.853529536E-2,-2.521857371E-1,2.641314798E-1,-7.270244697E1
1.583333333E0,8.065806019E-2,-2.509355295E-1,2.635798980E-1,-7.218106733E1
1.591666667E0,8.096077062E-2,-2.485539507E-1,2.614071781E-1,-7.195816390E1
1.600000000E0,8.186818222E-2,-2.477680211E-1,2.609432727E-1,-7.171527154E1
1.608333333E0,8.289704550E-2,-2.476335223E-1,2.611403483E-1,-7.149167146E1
1.616666667E0,8.396317169E-2,-2.476515975E-1,2.614978545E-1,-7.127141544E1
1.625000000E0,8.392288200E-2,-2.476718848E-1,2.615041351E-1,-7.128120275E1
1.633333333E0,8.380786264E-2,-2.478544831E-1,2.616402160E-1,-7.131789084E1
1.641666667E0,8.294694955E-2,-2.476260990E-1,2.611491553E-1,-7.148077187E1
1.650000000E0,8.173090073E-2,-2.478532458E-1,2.609811709E-1,-7.174975870E1
1.658333333E0,8.061930131E-2,-2.489963942E-1,2.617225173E-1,-7.205924043E1
1.666666667E0,7.858445255E-2,-2.490447127E-1,2.611489711E-1,-7.248724525E1
1.675000000E0,7.644700740E-2,-2.501551837E-1,2.615755357E-1,-7.300693500E1
1.683333333E0,7.440282501E-2,-2.521524148E-1,2.629004007E-1,-7.356020692E1
1.691666667E0,7.249002330E-2,-2.547270539E-1,2.648408493E-1,-7.411474895E1
1.700000000E0,6.914851504E-2,-2.563204235E-1,2.654838538E-1,-7.490250935E1
1.708333333E0,6.589827152E-2,-2.584912797E-1,2.667589247E-1,-7.569798727E1
1.716666667E0,6.181349413E-2,-2.603792421E-1,2.676158773E-1,-7.664531739E1
1.725000000E0,5.775341561E-2,-2.623574119E-1,2.686389186E-1,-7.758533574E1
1.733333333E0,5.326764705E-2,-2.649081921E-1,2.702106446E-1,-7.863059961E1
1.741666667E0,4.919862189E-2,-2.673862737E-1,2.718748310E-1,-7.957428525E1
1.750000000E0,4.400290204E-2,-2.697534684E-1,2.733188415E-1,-8.073535949E1
1.758333333E0,3.857842533E-2,-2.729727535E-1,2.756853625E-1,-8.195583228E1
1.766666667E0,3.254513670E-2,-2.748091632E-1,2.767295829E-1,-8.324602578E1
1.775000000E0,2.652020136E-2,-2.777180420E-1,2.789814186E-1,-8.454517983E1
1.783333333E0,2.029300490E-2,-2.799380026E-1,2.806725696E-1,-8.585382024E1
1.791666667E0,1.396774703E-2,-2.819886216E-1,2.823343420E-1,-8.716428486E1
1.800000000E0,7.135774452E-3,-2.838631151E-1,2.839527908E-1,-8.855999723E1
1.808333333E0,-9.014093000E-5,-2.859367051E-1,2.859367193E-1,-9.001806237E1
1.816666667E0,-6.968240824E-3,-2.882348792E-1,2.883190975E-1,-9.138488803E1
1.825000000E0,-1.332816593E-2,-2.898874697E-1,2.901937027E-1,-9.263243613E1
1.833333333E0,-2.197597550E-2,-2.920949820E-1,2.929205046E-1,-9.430258316E1
1.841666667E0,-3.022208918E-2,-2.937959132E-1,2.953462600E-1,-9.587322284E1
1.850000000E0,-3.800305904E-2,-2.938545213E-1,2.963017249E-1,-9.736893890E1
1.858333333E0,-4.740523549E-2,-2.958197648E-1,2.995940413E-1,-9.910426510E1
1.866666667E0,-5.553313027E-2,-2.978713555E-1,3.030037507E-1,-1.005606004E2
1.875000000E0,-6.341726038E-2,-2.975359763E-1,3.042193388E-1,-1.020320612E2
1.883333333E0,-7.232650322E-2,-2.977951345E-1,3.064523866E-1,-1.036512962E2
1.891666667E0,-8.112415730E-2,-2.981754331E-1,3.090141062E-1,-1.052199836E2
1.900000000E0,-8.969987063E-2,-2.980781764E-1,3.112822932E-1,-1.067479770E2
1.908333333E0,-9.809728948E-2,-2.979918666E-1,3.137231754E-1,-1.082212616E2
1.916666667E0,-1.068556930E-1,-2.971924575E-1,3.158187707E-1,-1.097760728E2
1.925000000E0,-1.150004317E-1,-2.964130546E-1,3.179399286E-1,-1.112049370E2
1.933333333E0,-1.233040288E-1,-2.950260709E-1,3.197565731E-1,-1.126821387E2
1.941666667E0,-1.318355700E-1,-2.934573015E-1,3.217107479E-1,-1.141919799E2
1.950000000E0,-1.397210845E-1,-2.914805369E-1,3.232381241E-1,-1.156107120E2
1.958333333E0,-1.485856494E-1,-2.903833744E-1,3.261904342E-1,-1.170982752E2
1.966666667E0,-1.557468723E-1,-2.899076124E-1,3.290949893E-1,-1.182459961E2
1.975000000E0,-1.627356993E-1,-2.879713775E-1,3.307724627E-1,-1.194712548E2
1.983333333E0,-1.698507896E-1,-2.851241481E-1,3.318811090E-1,-1.207826033E2
1.991666667E0,-1.773801384E-1,-2.830536396E-1,3.340405310E-1,-1.220739802E2
2.000000000E0,-1.838428906E-1,-2.806568192E-1,3.355092526E-1,-1.232266094E2
2.008333333E0,-1.910157585E-1,-2.783684466E-1,3.376033354E-1,-1.244578203E2
2.016666667E0,-1.971991718E-1,-2.759985324E-1,3.392089375E-1,-1.255455622E2
2.025000000E0,-2.034916535E-1,-2.735408083E-1,3.409302375E-1,-1.266461857E2
2.033333333E0,-2.079288237E-1,-2.696055933E-1,3.404725711E-1,-1.276406075E2
2.041666667E0,-2.134428343E-1,-2.675583392E-1,3.422649681E-1,-1.285808753E2
2.050000000E0,-2.180543931E-1,-2.656773866E-1,3.437036399E-1,-1.293773964E2
2.058333333E0,-2.226435404E-1,-2.639559656E-1,3.453156496E-1,-1.301472107E2
2.066666667E0,-2.271455270E-1,-2.613679966E-1,3.462778077E-1,-1.309927315E2
2.075000000E0,-2.309017891E-1,-2.597090823E-1,3.475117892E-1,-1.316396110E2
2.083333333E0,-2.345557762E-1,-2.573264709E-1,3.481857619E-1,-1.323495000E2
2.091666667E0,-2.375615718E-1,-2.548429847E-1,3.483969679E-1,-1.329899743E2
2.100000000E0,-2.409987100E-1,-2.534765699E-1,3.497581303E-1,-1.335544737E2
2.108333333E0,-2.438063372E-1,-2.513389367E-1,3.501610932E-1,-1.341284318E2
2.116666667E0,-2.460552067E-1,-2.501131234E-1,3.508557242E-1,-1.345314165E2
2.125000000E0,-2.483532427E-1,-2.487540303E-1,3.515080379E-1,-1.349538059E2
2.133333333E0,-2.496206462E-1,-2.475307460E-1,3.515422268E-1,-1.352408557E2
2.141666667E0,-2.514362445E-1,-2.466658446E-1,3.522275173E-1,-1.355487137E2
2.150000000E0,-2.521222982E-1,-2.459397970E-1,3.522102171E-1,-1.357111825E2
2.158333333E0,-2.530589367E-1,-2.457059935E-1,3.527183872E-1,-1.358446105E2
2.166666667E0,-2.535925503E-1,-2.454900344E-1,3.529511844E-1,-1.359301049E2
2.175000000E0,-2.536465117E-1,-2.454549411E-1,3.529655522E-1,-1.359402904E2
2.183333333E0,-2.535398426E-1,-2.459725816E-1,3.532491510E-1,-1.358679243E2
2.191666667E0,-2.532251052E-1,-2.458594731E-1,3.529445203E-1,-1.358455260E2
2.200000000E0,-2.525165838E-1,-2.465978746E-1,3.529520319E-1,-1.356794056E2
2.208333333E0,-2.515853983E-1,-2.476271876E-1,3.530077005E-1,-1.354542835E2
2.216666667E0,-2.510176252E-1,-2.491619806E-1,3.536828250E-1,-1.352125639E2
2.225000000E0,-2.490086665E-1,-2.497574514E-1,3.526813016E-1,-1.349139834E2
2.233333333E0,-2.465426293E-1,-2.518619633E-1,3.524453385E-1,-1.343885212E2
2.241666667E0,-2.445134580E-1,-2.537341446E-1,3.523745837E-1,-1.339397919E2
2.250000000E0,-2.413696732E-1,-2.553195494E-1,3.513508097E-1,-1.333912295E2
2.258333333E0,-2.383927480E-1,-2.569892643E-1,3.505347120E-1,-1.328501403E2
2.266666667E0,-2.351485732E-1,-2.588995329E-1,3.497482232E-1,-1.322476712E2
2.275000000E0,-2.317294959E-1,-2.612146787E-1,3.491871527E-1,-1.315769631E2
2.283333333E0,-2.275578177E-1,-2.638260201E-1,3.484059834E-1,-1.307787505E2
2.291666667E0,-2.235953393E-1,-2.662669615E-1,3.476966645E-1,-1.300215646E2
2.300000000E0,-2.185508162E-1,-2.686458273E-1,3.463163868E-1,-1.291293086E2
2.308333333E0,-2.133155227E-1,-2.709262190E-1,3.448253593E-1,-1.282153573E2
2.316666667E0,-2.079827617E-1,-2.732065664E-1,3.433637387E-1,-1.272807706E2
2.325000000E0,-2.025602352E-1,-2.756358359E-1,3.420610515E-1,-1.263115534E2
2.333333333E0,-1.961290523E-1,-2.780268636E-1,3.402433570E-1,-1.252003680E2
2.341666667E0,-1.900845721E-1,-2.814896258E-1,3.396594677E-1,-1.240304058E2
2.350000000E0,-1.829482449E-1,-2.836050576E-1,3.374935392E-1,-1.228252949E2
2.358333333E0,-1.762306201E-1,-2.857003422E-1,3.356812729E-1,-1.216678325E2
2.366666667E0,-1.690430367E-1,-2.878096474E-1,3.337812778E-1,-1.204275562E2
2.375000000E0,-1.616818195E-1,-2.901924630E-1,3.321937331E-1,-1.191245298E2
2.383333333E0,-1.542204474E-1,-2.920608296E-1,3.302778748E-1,-1.178359454E2
2.391666667E0,-1.459401386E-1,-2.936525087E-1,3.279181604E-1,-1.164265693E2
2.400000000E0,-1.375287603E-1,-2.960246743E-1,3.264119601E-1,-1.149188959E2
2.408333333E0,-1.298013042E-1,-2.982335374E-1,3.252562396E-1,-1.135203017E2
2.416666667E0,-1.213067566E-1,-2.992475075E-1,3.228999844E-1,-1.120662880E2
2.425000000E0,-1.129084694E-1,-3.007916171E-1,3.212847948E-1,-1.105746822E2
2.433333333E0,-1.044400029E-1,-3.004673664E-1,3.181011670E-1,-1.091670340E2
2.441666667E0,-9.572211359E-2,-3.008655862E-1,3.157258684E-1,-1.076487675E2
2.450000000E0,-8.682604410E-2,-3.012520326E-1,3.135148307E-1,-1.060778961E2
2.458333333E0,-7.838016550E-2,-3.011339754E-1,3.111673529E-1,-1.045894229E2
2.466666667E0,-6.890467628E-2,-3.016051713E-1,3.093760394E-1,-1.028689266E2
2.475000000E0,-6.019069825E-2,-3.013724945E-1,3.073244224E-1,-1.012946126E2
2.483333333E0,-5.190933400E-2,-3.000094024E-1,3.044671091E-1,-9.981645058E1
2.491666667E0,-4.315600402E-2,-2.989849753E-1,3.020835251E-1,-9.821344348E1
2.500000000E0,-3.493132867E-2,-2.982507757E-1,3.002893986E-1,-9.668008649E1
2.508333333E0,-2.666907690E-2,-2.979724269E-1,2.991635119E-1,-9.511444949E1
2.516666667E0,-1.824541910E-2,-2.954751645E-1,2.960379505E-1,-9.353349447E1
2.525000000E0,-1.001057481E-2,-2.936612483E-1,2.938318233E-1,-9.195239132E1
2.533333333E0,-2.531134538E-3,-2.920510004E-1,2.920619686E-1,-9.049655606E1
2.541666667E0,5.274753148E-3,-2.902313862E-1,2.902793147E-1,-8.895880377E1
2.550000000E0,1.226391665E-2,-2.873952223E-1,2.876567702E-1,-8.755651951E1
2.558333333E0,1.870148166E-2,-2.850743286E-1,2.856870985E-1,-8.624665331E1
2.566666667E0,2.524513003E-2,-2.821600625E-1,2.832871643E-1,-8.488730539E1
2.575000000E0,3.145437292E-2,-2.795454327E-1,2.813094853E-1,-8.358009770E1
2.583333333E0,3.749745074E-2,-2.774031989E-1,2.799260502E-1,-8.230181199E1
2.591666667E0,4.283873346E-2,-2.745762222E-1,2.778979289E-1,-8.113233742E1
2.600000000E0,4.790783323E-2,-2.718506643E-1,2.760397511E-1,-8.000547280E1
2.608333333E0,5.320741919E-2,-2.689254239E-1,2.741384925E-1,-7.880845691E1
2.616666667E0,5.763287620E-2,-2.667031883E-1,2.728591928E-1,-7.780623812E1
2.625000000E0,6.183207402E-2,-2.641520836E-1,2.712923306E-1,-7.682554525E1
2.633333333E0,6.505290791E-2,-2.615886773E-1,2.695561480E-1,-7.603474656E1
2.641666667E0,6.916317387E-2,-2.600730592E-1,2.691125057E-1,-7.510759551E1
2.650000000E0,7.222535711E-2,-2.582422476E-1,2.681521223E-1,-7.437472266E1
2.658333333E0,7.480050146E-2,-2.558997927E-1,2.666079874E-1,-7.370615395E1
2.666666667E0,7.665725051E-2,-2.542401536E-1,2.655454570E-1,-7.322114681E1
2.675000000E0,7.875102026E-2,-2.529049289E-1,2.648822876E-1,-7.270414970E1
2.683333333E0,8.071877342E-2,-2.519258533E-1,2.645414069E-1,-7.223418449E1
2.691666667E0,8.187747484E-2,-2.507781203E-1,2.638059637E-1,-7.191846610E1
2.700000000E0,8.286066311E-2,-2.498217699E-1,2.632048749E-1,-7.165039531E1
2.708333333E0,8.381454369E-2,-2.497867877E-1,2.634735604E-1,-7.145111351E1
2.716666667E0,8.381405883E-2,-2.492238778E-1,2.629397987E-1,-7.141219364E1
2.725000000E0,8.373910415E-2,-2.492180753E-1,2.629104155E-1,-7.142727327E1
2.733333333E0,8.400668263E-2,-2.494791416E-1,2.632431667E-1,-7.139016526E1
2.741666667E0,8.295613610E-2,-2.497710444E-1,2.631868065E-1,-7.162719118E1
2.750000000E0,8.206224450E-2,-2.505272309E-1,2.636249332E-1,-7.186336791E1
2.758333333E0,8.073687170E-2,-2.518780875E-1,2.645014432E-1,-7.222729391E1
2.766666667E0,7.870152720E-2,-2.530357260E-1,2.649924698E-1,-7.272277499E1
2.775000000E0,7.647747659E-2,-2.543171650E-1,2.655673640E-1,-7.326307793E1
2.783333333E0,7.403543050E-2,-2.563581341E-1,2.668346640E-1,-7.389144729E1
2.791666667E0,7.154829393E-2,-2.579907339E-1,2.677281777E-1,-7.449976670E1
2.800000000E0,6.847010865E-2,-2.599883658E-1,2.688533171E-1,-7.524569598E1
2.808333333E0,6.501819036E-2,-2.625021575E-1,2.704343687E-1,-7.608859113E1
2.816666667E0,6.117185366E-2,-2.649327233E-1,2.719031879E-1,-7.699849807E1
2.825000000E0,5.697714106E-2,-2.670882013E-1,2.730979712E-1,-7.795776858E1
2.833333333E0,5.225770996E-2,-2.690808014E-1,2.741082741E-1,-7.900949997E1
2.841666667E0,4.790764504E-2,-2.718829882E-1,2.760715518E-1,-8.000667555E1
2.850000000E0,4.260654236E-2,-2.746738769E-1,2.779587309E-1,-8.118273005E1
2.858333333E0,3.659397950E-2,-2.768742815E-1,2.792820924E-1,-8.247095694E1
2.866666667E0,3.090754778E-2,-2.796163395E-1,2.813193450E-1,-8.369238499E1
2.875000000E0,2.497510716E-2,-2.823918480E-1,2.834941124E-1,-8.494583605E1
2.883333333E0,1.844220919E-2,-2.847398118E-1,2.853364251E-1,-8.629420664E1
2.891666667E0,1.164224649E-2,-2.870880861E-1,2.873240524E-1,-8.767776401E1
2.900000000E0,4.356976309E-3,-2.894121478E-1,2.894449422E-1,-8.913750166E1
2.908333333E0,-2.548104493E-3,-2.910737738E-1,2.910849268E-1,-9.050156324E1
2.916666667E0,-9.963092742E-3,-2.930616799E-1,2.932309865E-1,-9.194711024E1
2.925000000E0,-2.052131799E-2,-2.950657142E-1,2.957784647E-1,-9.397841767E1
2.933333333E0,-2.563059804E-2,-2.970691794E-1,2.981728105E-1,-9.493116593E1
2.941666667E0,-3.107715800E-2,-2.970829126E-1,2.987039449E-1,-9.597185960E1
2.950000000E0,-4.172383143E-2,-2.993380130E-1,3.022319045E-1,-9.793516107E1
2.958333333E0,-5.021343784E-2,-2.979721807E-1,3.021734764E-1,-9.956545333E1
2.966666667E0,-5.915914423E-2,-3.003125549E-1,3.060840326E-1,-1.011441151E2
2.975000000E0,-6.752924801E-2,-3.006159146E-1,3.081073310E-1,-1.026605478E2
2.983333333E0,-7.597041788E-2,-3.010639127E-1,3.105011819E-1,-1.041623504E2
2.991666667E0,-8.425620261E-2,-3.004654784E-1,3.120554620E-1,-1.056645010E2
3.000000000E0,-9.341050688E-2,-3.003513920E-1,3.145417007E-1,-1.072759067E2
3.008333333E0,-1.016380340E-1,-2.998362413E-1,3.165944749E-1,-1.087255531E2
3.016666667E0,-1.100371819E-1,-2.992569398E-1,3.188461971E-1,-1.101885434E2
3.025000000E0,-1.186172187E-1,-2.982250769E-1,3.209489696E-1,-1.116898898E2
3.033333333E0,-1.269226757E-1,-2.969810240E-1,3.229660883E-1,-1.131407192E2
3.041666667E0,-1.352987328E-1,-2.954520256E-1,3.249579150E-1,-1.146048470E2
3.050000000E0,-1.430316827E-1,-2.940888296E-1,3.270264545E-1,-1.159362206E2
3.058333333E0,-1.503499456E-1,-2.924610851E-1,3.288443286E-1,-1.172070299E2
3.066666667E0,-1.576737830E-1,-2.902447908E-1,3.303075241E-1,-1.185127623E2
3.075000000E0,-1.650741718E-1,-2.881943108E-1,3.321226324E-1,-1.198035530E2
3.083333333E0,-1.719592670E-1,-2.865726640E-1,3.342063453E-1,-1.209660599E2
3.091666667E0,-1.796737939E-1,-2.843275394E-1,3.363403364E-1,-1.222898321E2
3.100000000E0,-1.865784886E-1,-2.821968719E-1,3.382995816E-1,-1.234712531E2
3.108333333E0,-1.931999247E-1,-2.799584619E-1,3.401513653E-1,-1.246096387E2
3.116666667E0,-1.987831614E-1,-2.773808236E-1,3.412548411E-1,-1.256270300E2
3.125000000E0,-2.048317587E-1,-2.750631151E-1,3.429515515E-1,-1.266740179E2
3.133333333E0,-2.100968105E-1,-2.726993253E-1,3.442464115E-1,-1.276118758E2
3.141666667E0,-2.154300186E-1,-2.706231469E-1,3.459002465E-1,-1.285216031E2
3.150000000E0,-2.201216393E-1,-2.684364795E-1,3.471479218E-1,-1.293522282E2
3.158333333E0,-2.248342467E-1,-2.664651146E-1,3.486460896E-1,-1.301565405E2
3.166666667E0,-2.288761397E-1,-2.643864519E-1,3.496919835E-1,-1.308823412E2
3.175000000E0,-2.325071462E-1,-2.624515285E-1,3.506285468E-1,-1.315378966E2
3.183333333E0,-2.362850472E-1,-2.604437012E-1,3.516554351E-1,-1.322155848E2
3.191666667E0,-2.396902659E-1,-2.587529266E-1,3.527102218E-1,-1.328098247E2
3.200000000E0,-2.427911226E-1,-2.570035531E-1,3.535510649E-1,-1.333711453E2
3.208333333E0,-2.451910822E-1,-2.557307434E-1,3.542836151E-1,-1.337946442E2
3.216666667E0,-2.475718745E-1,-2.547544456E-1,3.552346557E-1,-1.341808055E2
3.225000000E0,-2.495410454E-1,-2.530585555E-1,3.554002896E-1,-1.345990144E2
3.233333333E0,-2.513507296E-1,-2.523323884E-1,3.561584248E-1,-1.348883329E2
3.241666667E0,-2.523698007E-1,-2.517369899E-1,3.564576109E-1,-1.350719240E2
3.250000000E0,-2.532997929E-1,-2.511899317E-1,3.567312250E-1,-1.352396192E2
3.258333333E0,-2.537346989E-1,-2.499045058E-1,3.561369954E-1,-1.354357279E2
3.266666667E0,-2.541931871E-1,-2.507330441E-1,3.570451453E-1,-1.353926286E2
3.275000000E0,-2.543088926E-1,-2.507877361E-1,3.571659298E-1,-1.353994169E2
3.283333333E0,-2.539677593E-1,-2.510057929E-1,3.570763656E-1,-1.353360695E2
3.291666667E0,-2.533009726E-1,-2.516621805E-1,3.570647502E-1,-1.351859453E2
3.300000000E0,-2.523126607E-1,-2.524009164E-1,3.568863984E-1,-1.349899811E2
3.308333333E0,-2.510158848E-1,-2.532892844E-1,3.566012283E-1,-1.347417133E2
3.316666667E0,-2.490619414E-1,-2.543279367E-1,3.559698723E-1,-1.344006469E2
3.325000000E0,-2.473530078E-1,-2.554033817E-1,3.555480246E-1,-1.340826312E2
3.333333333E0,-2.450049806E-1,-2.570624492E-1,3.551176472E-1,-1.336242699E2
3.341666667E0,-2.416980426E-1,-2.579016391E-1,3.534560782E-1,-1.331423680E2
3.350000000E0,-2.385310621E-1,-2.596106994E-1,3.525546523E-1,-1.325768863E2
3.358333333E0,-2.347674915E-1,-2.620755906E-1,3.518513753E-1,-1.318540045E2
3.366666667E0,-2.318363586E-1,-2.640642025E-1,3.513943656E-1,-1.312816610E2
3.375000000E0,-2.273539784E-1,-2.660483548E-1,3.499593671E-1,-1.305158379E2
3.383333333E0,-2.227077605E-1,-2.680454724E-1,3.484926424E-1,-1.297217729E2
3.391666667E0,-2.182981389E-1,-2.702279838E-1,3.473862989E-1,-1.289323007E2
3.400000000E0,-2.133412792E-1,-2.725061448E-1,3.460839499E-1,-1.280568990E2
3.408333333E0,-2.079279345E-1,-2.749600743E-1,3.447275278E-1,-1.270969860E2
3.416666667E0,-2.026946916E-1,-2.774319143E-1,3.435892970E-1,-1.261522594E2
3.425000000E0,-1.972497339E-1,-2.803525387E-1,3.427900283E-1,-1.251293561E2
3.433333333E0,-1.910978255E-1,-2.830212638E-1,3.414958487E-1,-1.240274814E2
3.441666667E0,-1.842577040E-1,-2.845716570E-1,3.390161197E-1,-1.229227102E2
3.450000000E0,-1.771726916E-1,-2.872266684E-1,3.374749201E-1,-1.216679158E2
3.458333333E0,-1.707373244E-1,-2.897160161E-1,3.362835172E-1,-1.205119717E2
3.466666667E0,-1.632188342E-1,-2.916710153E-1,3.342340034E-1,-1.192313366E2
3.475000000E0,-1.554269723E-1,-2.938778467E-1,3.324480900E-1,-1.178735984E2
3.483333333E0,-1.478752674E-1,-2.958189509E-1,3.307203447E-1,-1.165597505E2
3.491666667E0,-1.397319698E-1,-2.977637315E-1,3.289198431E-1,-1.151393171E2
3.500000000E0,-1.317266785E-1,-2.991839633E-1,3.268990084E-1,-1.137632487E2
3.508333333E0,-1.230094592E-1,-3.003627485E-1,3.245752728E-1,-1.122708825E2
3.516666667E0,-1.149526887E-1,-3.013914258E-1,3.225692362E-1,-1.108771829E2
3.525000000E0,-1.060635762E-1,-3.022822762E-1,3.203498973E-1,-1.093347443E2
3.533333333E0,-9.748013800E-2,-3.027462779E-1,3.180529611E-1,-1.078478446E2
3.541666667E0,-8.903058153E-2,-3.026622795E-1,3.154851817E-1,-1.063916771E2
3.550000000E0,-7.920677074E-2,-3.028522660E-1,3.130386678E-1,-1.046566192E2
3.558333333E0,-7.056146404E-2,-3.028886414E-1,3.109991146E-1,-1.031138291E2
3.566666667E0,-6.222967724E-2,-3.024634434E-1,3.087987489E-1,-1.016259634E2
3.575000000E0,-5.309920696E-2,-3.018831715E-1,3.065174955E-1,-9.997589566E1
3.583333333E0,-4.479972944E-2,-3.013895722E-1,3.047009846E-1,-9.845476297E1
3.591666667E0,-3.578186349E-2,-3.002797767E-1,3.024041767E-1,-9.679542229E1
3.600000000E0,-2.766934458E-2,-2.987086900E-1,2.999874566E-1,-9.529219840E1
3.608333333E0,-2.033566712E-2,-2.966273117E-1,2.973235635E-1,-9.392184940E1
3.616666667E0,-1.188241983E-2,-2.945473665E-1,2.947869451E-1,-9.231013284E1
3.625000000E0,-3.148615437E-3,-2.925338777E-1,2.925508219E-1,-9.061666502E1
3.633333333E0,4.613767756E-3,-2.902037855E-1,2.902404588E-1,-8.908916711E1
3.641666667E0,1.143255803E-2,-2.875605519E-1,2.877877245E-1,-8.772328810E1
3.650000000E0,1.820181435E-2,-2.854806320E-1,2.860603036E-1,-8.635184563E1
3.658333333E0,2.416667963E-2,-2.829910542E-1,2.840210646E-1,-8.511893597E1
3.666666667E0,3.061319905E-2,-2.803689569E-1,2.820353169E-1,-8.376861831E1
3.675000000E0,3.634643481E-2,-2.777759155E-1,2.801437534E-1,-8.254531132E1
3.683333333E0,4.170604556E-2,-2.747715714E-1,2.779187123E-1,-8.136927030E1
3.691666667E0,4.666343234E-2,-2.725503386E-1,2.765161170E-1,-8.028456944E1
3.700000000E0,5.126218775E-2,-2.699387683E-1,2.747630808E-1,-7.924739586E1
3.708333333E0,5.577968695E-2,-2.676262586E-1,2.733773724E-1,-7.822674235E1
3.716666667E0,6.279162558E-2,-2.647918926E-1,2.721351403E-1,-7.665953850E1
3.725000000E0,6.659872441E-2,-2.622810719E-1,2.706044175E-1,-7.575249999E1
3.733333333E0,6.995253152E-2,-2.601270390E-1,2.693685822E-1,-7.494828633E1
3.741666667E0,7.277288863E-2,-2.578851794E-1,2.679564499E-1,-7.424140881E1
3.750000000E0,7.575111172E-2,-2.562010139E-1,2.671650996E-1,-7.352859982E1
3.758333333E0,7.772710939E-2,-2.541307776E-1,2.657516805E-1,-7.299349846E1
3.766666667E0,7.984758390E-2,-2.527006468E-1,2.650155723E-1,-7.246466372E1
3.775000000E0,8.163465432E-2,-2.513530962E-1,2.642774977E-1,-7.200719963E1
3.783333333E0,8.336074013E-2,-2.497235757E-1,2.632695905E-1,-7.154036884E1
3.791666667E0,8.451843171E-2,-2.489084110E-1,2.628664345E-1,-7.124475511E1
3.800000000E0,8.501085912E-2,-2.485662356E-1,2.627013887E-1,-7.111906304E1
3.808333333E0,8.512052911E-2,-2.479143790E-1,2.621202850E-1,-7.105027156E1
3.816666667E0,8.534633086E-2,-2.476159668E-1,2.619115561E-1,-7.098235310E1
3.825000000E0,8.504363435E-2,-2.478353720E-1,2.620205933E-1,-7.106056447E1
3.833333333E0,8.426224072E-2,-2.479871706E-1,2.619117447E-1,-7.123302620E1
3.841666667E0,8.337464484E-2,-2.482546860E-1,2.618811190E-1,-7.143572517E1
3.850000000E0,8.234336444E-2,-2.487894217E-1,2.620622179E-1,-7.168668811E1
3.858333333E0,8.080961397E-2,-2.500697910E-1,2.628023860E-1,-7.209185238E1
3.866666667E0,7.876956202E-2,-2.514009202E-1,2.634522093E-1,-7.260305291E1
3.875000000E0,7.650781474E-2,-2.526679554E-1,2.639972375E-1,-7.315369636E1
3.883333333E0,7.360334347E-2,-2.541714308E-1,2.646139989E-1,-7.384996176E1
3.891666667E0,7.103523536E-2,-2.562912575E-1,2.659534044E-1,-7.450843288E1
3.900000000E0,6.753936423E-2,-2.582492158E-1,2.669348669E-1,-7.534381753E1
3.908333333E0,6.406733956E-2,-2.605433226E-1,2.683047651E-1,-7.618511787E1
3.916666667E0,5.998247738E-2,-2.626379888E-1,2.694004654E-1,-7.713517074E1
3.925000000E0,5.542852077E-2,-2.649939824E-1,2.707288895E-1,-7.818583139E1
3.933333333E0,5.108783575E-2,-2.672623052E-1,2.721012803E-1,-7.917831833E1
3.941666667E0,4.626922284E-2,-2.698300060E-1,2.737682836E-1,-8.026981197E1
3.950000000E0,4.106923389E-2,-2.727780680E-1,2.758524178E-1,-8.143790503E1
3.958333333E0,3.530596633E-2,-2.752799878E-1,2.775348319E-1,-8.269144328E1
3.966666667E0,2.827501916E-2,-2.778203713E-1,2.792555020E-1,-8.418876202E1
3.975000000E0,2.157682201E-2,-2.807394292E-1,2.815673745E-1,-8.560505189E1
3.983333333E0,1.520286814E-2,-2.826914925E-1,2.830999949E-1,-8.692165522E1
3.991666667E0,8.617164702E-3,-2.848502609E-1,2.849805724E-1,-8.826724175E1
4.000000000E0,1.562473728E-3,-2.870469888E-1,2.870512412E-1,-8.968812679E1
4.008333333E0,-5.848293826E-3,-2.894240062E-1,2.894830875E-1,-9.115759906E1
4.016666667E0,-1.334023232E-2,-2.912547915E-1,2.915601402E-1,-9.262246393E1
4.025000000E0,-2.135443193E-2,-2.935911106E-1,2.943666965E-1,-9.416009872E1
4.033333333E0,-2.935953469E-2,-2.945490985E-1,2.960087054E-1,-9.569222383E1
4.041666667E0,-3.636897357E-2,-2.957490369E-1,2.979768365E-1,-9.701060320E1
4.050000000E0,-4.557897248E-2,-2.969212549E-1,3.003991917E-1,-9.872708074E1
4.058333333E0,-5.420539614E-2,-2.984486894E-1,3.033312467E-1,-1.002940673E2
4.066666667E0,-6.241708451E-2,-2.986272805E-1,3.050805551E-1,-1.018056245E2
4.075000000E0,-7.114825292E-2,-2.991042551E-1,3.074498810E-1,-1.033803430E2
4.083333333E0,-7.927635052E-2,-2.994219356E-1,3.097389793E-1,-1.048296277E2
4.091666667E0,-8.796680991E-2,-2.995284929E-1,3.121785991E-1,-1.063666845E2
4.100000000E0,-9.661969704E-2,-2.993535339E-1,3.145598577E-1,-1.078880646E2
4.108333333E0,-1.054655703E-1,-2.985939030E-1,3.166722366E-1,-1.094535966E2
4.116666667E0,-1.132767535E-1,-2.981196700E-1,3.189152874E-1,-1.108053264E2
4.125000000E0,-1.221249990E-1,-2.972649647E-1,3.213735749E-1,-1.123342687E2
4.133333333E0,-1.299816815E-1,-2.959982811E-1,3.232804045E-1,-1.137077118E2
4.141666667E0,-1.377789530E-1,-2.945773245E-1,3.252058426E-1,-1.150663120E2
4.150000000E0,-1.459305404E-1,-2.927736524E-1,3.271270918E-1,-1.164935706E2
4.158333333E0,-1.535451981E-1,-2.912487482E-1,3.292445310E-1,-1.177980224E2
4.166666667E0,-1.612810481E-1,-2.889707991E-1,3.309315627E-1,-1.191668606E2
4.175000000E0,-1.689129266E-1,-2.872714138E-1,3.332513195E-1,-1.204551332E2
4.183333333E0,-1.752994403E-1,-2.851948460E-1,3.347625934E-1,-1.215776089E2
4.191666667E0,-1.819728619E-1,-2.833269720E-1,3.367317858E-1,-1.227114804E2
4.200000000E0,-1.892305940E-1,-2.809826465E-1,3.387616645E-1,-1.239586927E2
4.208333333E0,-1.948471390E-1,-2.784314564E-1,3.398374369E-1,-1.249844401E2
4.216666667E0,-2.010275074E-1,-2.764234181E-1,3.417922831E-1,-1.260263287E2
4.225000000E0,-2.060066902E-1,-2.739423905E-1,3.427582088E-1,-1.269434347E2
4.233333333E0,-2.113378917E-1,-2.719631013E-1,3.444236242E-1,-1.278501705E2
4.241666667E0,-2.162732859E-1,-2.702713718E-1,3.461513377E-1,-1.286670707E2
4.250000000E0,-2.207429753E-1,-2.677456973E-1,3.470089618E-1,-1.295038801E2
4.258333333E0,-2.249291688E-1,-2.656157259E-1,3.480586801E-1,-1.302586514E2
4.266666667E0,-2.293291182E-1,-2.632582887E-1,3.491371808E-1,-1.310597193E2
4.275000000E0,-2.328055084E-1,-2.614611052E-1,3.500861526E-1,-1.316819346E2
4.283333333E0,-2.364969178E-1,-2.599223800E-1,3.514120597E-1,-1.322982815E2
4.291666667E0,-2.397579493E-1,-2.580778430E-1,3.522613338E-1,-1.328925196E2
4.300000000E0,-2.421460441E-1,-2.563510091E-1,3.526337286E-1,-1.333677650E2
4.308333333E0,-2.441080408E-1,-2.551120459E-1,3.530876542E-1,-1.337372684E2
4.316666667E0,-2.461922575E-1,-2.539981266E-1,3.537310786E-1,-1.341059263E2
4.325000000E0,-2.479445009E-1,-2.529672441E-1,3.542158976E-1,-1.344255029E2
4.333333333E0,-2.493784456E-1,-2.523446062E-1,3.547779720E-1,-1.346612743E2
4.341666667E0,-2.503703350E-1,-2.515218960E-1,3.548923341E-1,-1.348685386E2
4.350000000E0,-2.513016825E-1,-2.515415089E-1,3.555638710E-1,-1.349726733E2
4.358333333E0,-2.511778972E-1,-2.511658841E-1,3.552106944E-1,-1.350013702E2
4.366666667E0,-2.513297121E-1,-2.510764685E-1,3.552548624E-1,-1.350288806E2
4.375000000E0,-2.512595427E-1,-2.513512745E-1,3.553995230E-1,-1.349895429E2
4.383333333E0,-2.510514341E-1,-2.520771773E-1,3.557663923E-1,-1.348831896E2
4.391666667E0,-2.501698747E-1,-2.524856392E-1,3.554348944E-1,-1.347360367E2
4.400000000E0,-2.488968080E-1,-2.535182161E-1,3.552760996E-1,-1.344729861E2
4.408333333E0,-2.470842591E-1,-2.542083212E-1,3.545031758E-1,-1.341858024E2
4.416666667E0,-2.452737468E-1,-2.551068835E-1,3.538908488E-1,-1.338742076E2
4.425000000E0,-2.430160354E-1,-2.566237383E-1,3.534296769E-1,-1.334399335E2
4.433333333E0,-2.405733600E-1,-2.584194380E-1,3.530667748E-1,-1.329517353E2
4.441666667E0,-2.377116206E-1,-2.603747071E-1,3.525646077E-1,-1.323948206E2
4.450000000E0,-2.345476377E-1,-2.623149380E-1,3.518831071E-1,-1.318013370E2
4.458333333E0,-2.311850136E-1,-2.643745367E-1,3.511985281E-1,-1.311684040E2
4.466666667E0,-2.264659685E-1,-2.648947745E-1,3.485054899E-1,-1.305280604E2
4.475000000E0,-2.220940674E-1,-2.671006914E-1,3.473737960E-1,-1.297435030E2
4.483333333E0,-2.178706255E-1,-2.695821006E-1,3.466152311E-1,-1.289444199E2
4.491666667E0,-2.130673593E-1,-2.722385442E-1,3.457043890E-1,-1.280484922E2
4.500000000E0,-2.083323411E-1,-2.747680579E-1,3.448185755E-1,-1.271698279E2
4.508333333E0,-2.021227254E-1,-2.764792193E-1,3.424826343E-1,-1.261690209E2
4.516666667E0,-1.965616767E-1,-2.792355948E-1,3.414806146E-1,-1.251427766E2
4.525000000E0,-1.903630059E-1,-2.812835391E-1,3.396446723E-1,-1.240887876E2
4.533333333E0,-1.839231773E-1,-2.838996968E-1,3.382702662E-1,-1.229370078E2
4.541666667E0,-1.775156294E-1,-2.874003852E-1,3.378028717E-1,-1.217019530E2
4.550000000E0,-1.702002819E-1,-2.883023972E-1,3.347930827E-1,-1.205556197E2
4.558333333E0,-1.629897323E-1,-2.903377073E-1,3.329589121E-1,-1.193089754E2
4.566666667E0,-1.556351677E-1,-2.921935414E-1,3.310579573E-1,-1.180417335E2
4.575000000E0,-1.481620911E-1,-2.944136260E-1,3.295927615E-1,-1.167135833E2
4.583333333E0,-1.401535222E-1,-2.963487425E-1,3.278194426E-1,-1.153110789E2
4.591666667E0,-1.323268986E-1,-2.985676352E-1,3.265777716E-1,-1.139031974E2
4.600000000E0,-1.242767994E-1,-2.994584375E-1,3.242222674E-1,-1.125387027E2
4.608333333E0,-1.156969456E-1,-3.012091768E-1,3.226650762E-1,-1.110121971E2
4.616666667E0,-1.070290722E-1,-3.019465744E-1,3.203544226E-1,-1.095175644E2
4.625000000E0,-9.862979417E-2,-3.023215547E-1,3.180033942E-1,-1.080684678E2
4.633333333E0,-9.017864235E-2,-3.035482418E-1,3.166602637E-1,-1.065457236E2
4.641666667E0,-8.140138685E-2,-3.034172702E-1,3.141468218E-1,-1.050177887E2
4.650000000E0,-7.327243063E-2,-3.031595462E-1,3.118886974E-1,-1.035875757E2
4.658333333E0,-6.430822223E-2,-3.025032027E-1,3.092632133E-1,-1.020016639E2
4.666666667E0,-5.560515394E-2,-3.019256563E-1,3.070033144E-1,-1.004351389E2
4.675000000E0,-4.723429752E-2,-3.009831955E-1,3.046669704E-1,-9.891887445E1
4.683333333E0,-3.857289613E-2,-2.986915130E-1,3.011718584E-1,-9.735842759E1
4.691666667E0,-2.988969930E-2,-2.980497224E-1,2.995447065E-1,-9.572671898E1
4.700000000E0,-2.304877670E-2,-2.964037657E-1,2.972985678E-1,-9.444645306E1
4.708333333E0,-1.541132070E-2,-2.949449696E-1,2.953473276E-1,-9.299107101E1
4.716666667E0,-8.435957550E-3,-2.930598456E-1,2.931812383E-1,-9.164884864E1
4.725000000E0,-8.091099106E-4,-2.910065756E-1,2.910077004E-1,-9.015930384E1
4.733333333E0,6.675594493E-3,-2.878228579E-1,2.879002624E-1,-8.867135351E1
4.741666667E0,1.368190073E-2,-2.858346509E-1,2.861619159E-1,-8.725954399E1
4.750000000E0,1.999106832E-2,-2.832690266E-1,2.839735626E-1,-8.596317341E1
4.758333333E0,2.609629537E-2,-2.805873470E-1,2.817982895E-1,-8.468643685E1
4.766666667E0,3.230028527E-2,-2.778622302E-1,2.797333148E-1,-8.336937269E1
4.775000000E0,3.759911063E-2,-2.756346811E-1,2.781872940E-1,-8.223227018E1
4.783333333E0,4.305353701E-2,-2.728597189E-1,2.762354670E-1,-8.103343297E1
4.791666667E0,4.769231596E-2,-2.705418966E-1,2.747134413E-1,-8.000236614E1
4.800000000E0,5.278417850E-2,-2.679512025E-1,2.731007441E-1,-7.885589334E1
4.808333333E0,5.702938034E-2,-2.653295951E-1,2.713892855E-1,-7.786952190E1
4.816666667E0,6.059687419E-2,-2.631789549E-1,2.700650726E-1,-7.703364853E1
4.825000000E0,6.394394911E-2,-2.604671870E-1,2.682013873E-1,-7.620683139E1
4.833333333E0,6.703802622E-2,-2.584234166E-1,2.669770762E-1,-7.545736768E1
4.841666667E0,7.027808958E-2,-2.563305901E-1,2.657901076E-1,-7.466798429E1
4.850000000E0,7.266509998E-2,-2.546146640E-1,2.647807468E-1,-7.407165427E1
4.858333333E0,7.472039197E-2,-2.526693438E-1,2.634861178E-1,-7.352578650E1
4.866666667E0,7.646825281E-2,-2.510456592E-1,2.624334519E-1,-7.305931749E1
4.875000000E0,7.723352038E-2,-2.498409782E-1,2.615062735E-1,-7.282201456E1
4.883333333E0,7.853013017E-2,-2.484482831E-1,2.605638707E-1,-7.245917127E1
4.891666667E0,7.966051733E-2,-2.481655529E-1,2.606375638E-1,-7.220350065E1
4.900000000E0,8.021703706E-2,-2.474117219E-1,2.600910094E-1,-7.203601561E1
4.908333333E0,8.066522794E-2,-2.473007210E-1,2.601240581E-1,-7.193456744E1
4.916666667E0,8.059842825E-2,-2.476335039E-1,2.604197744E-1,-7.197124443E1
4.925000000E0,8.063704508E-2,-2.476760090E-1,2.604721453E-1,-7.196606070E1
4.933333333E0,7.966444113E-2,-2.478620418E-1,2.603497935E-1,-7.218226361E1
4.941666667E0,7.772716458E-2,-2.479202867E-1,2.598191307E-1,-7.259291770E1
4.950000000E0,7.631520567E-2,-2.492682327E-1,2.606888230E-1,-7.297766621E1
4.958333333E0,7.467166637E-2,-2.500939991E-1,2.610035750E-1,-7.337572157E1
4.966666667E0,7.338827356E-2,-2.517751046E-1,2.622528208E-1,-7.374947084E1
4.975000000E0,7.092376047E-2,-2.531246596E-1,2.628731121E-1,-7.434749932E1
4.983333333E0,6.858432034E-2,-2.551956692E-1,2.642510900E-1,-7.495709786E1
4.991666667E0,6.530429761E-2,-2.572281881E-1,2.653883796E-1,-7.575488391E1
5.000000000E0,6.168588594E-2,-2.592380745E-1,2.664761299E-1,-7.661533867E1
5.008333333E0,5.804902754E-2,-2.614207375E-1,2.677881469E-1,-7.748048042E1
5.016666667E0,5.408824273E-2,-2.637812601E-1,2.692695512E-1,-7.841214636E1
5.025000000E0,4.996229878E-2,-2.658076549E-1,2.704624571E-1,-7.935465856E1
5.033333333E0,4.473049460E-2,-2.681894907E-1,2.718941339E-1,-8.053097507E1
5.041666667E0,4.034725221E-2,-2.716406884E-1,2.746207646E-1,-8.155152845E1
5.050000000E0,3.437900078E-2,-2.741854178E-1,2.763323344E-1,-8.285321124E1
5.058333333E0,2.840831016E-2,-2.763884060E-1,2.778445304E-1,-8.413151778E1
5.066666667E0,2.197873468E-2,-2.784243325E-1,2.792904827E-1,-8.548644790E1
5.075000000E0,1.539941291E-2,-2.807260186E-1,2.811480739E-1,-8.686014871E1
5.083333333E0,9.043193016E-3,-2.832480270E-1,2.833923501E-1,-8.817135230E1
5.091666667E0,2.215555192E-3,-2.859632470E-1,2.859718296E-1,-8.955609882E1
5.100000000E0,-4.667338127E-3,-2.883887690E-1,2.884265351E-1,-9.092720473E1
5.108333333E0,-1.213342398E-2,-2.906647836E-1,2.909179204E-1,-9.239035014E1
5.116666667E0,-1.976821535E-2,-2.924231077E-1,2.930905257E-1,-9.386739157E1
5.125000000E0,-2.704501659E-2,-2.941416179E-1,2.953823358E-1,-9.525332208E1
5.133333333E0,-3.583812254E-2,-2.952699413E-1,2.974368997E-1,-9.692037310E1
5.141666667E0,-4.368524580E-2,-2.971001876E-1,3.002947255E-1,-9.836476139E1
5.150000000E0,-5.179200365E-2,-2.985627897E-1,3.030217006E-1,-9.984122478E1
5.158333333E0,-6.011481084E-2,-2.989615893E-1,3.049456056E-1,-1.013693485E2
5.166666667E0,-6.861520169E-2,-2.993194045E-1,3.070832979E-1,-1.029112590E2
5.175000000E0,-7.756627201E-2,-2.996990620E-1,3.095739884E-1,-1.045105404E2
5.183333333E0,-8.591257542E-2,-2.996784730E-1,3.117501528E-1,-1.059966709E2
5.191666667E0,-9.404913998E-2,-2.992110065E-1,3.136438540E-1,-1.074491743E2
5.200000000E0,-1.027863033E-1,-2.989238852E-1,3.161020615E-1,-1.089757589E2
5.208333333E0,-1.108698909E-1,-2.985348802E-1,3.184575441E-1,-1.103739908E2
5.216666667E0,-1.195821002E-1,-2.980528753E-1,3.211469993E-1,-1.118612006E2
5.225000000E0,-1.270988641E-1,-2.972253500E-1,3.232600036E-1,-1.131524164E2
5.233333333E0,-1.357459969E-1,-2.960275764E-1,3.256674710E-1,-1.146342310E2
5.241666667E0,-1.432738558E-1,-2.951024320E-1,3.280439652E-1,-1.158968285E2
5.250000000E0,-1.510964475E-1,-2.937498629E-1,3.303318307E-1,-1.172199815E2
5.258333333E0,-1.583827610E-1,-2.918050556E-1,3.320170017E-1,-1.184917412E2
5.266666667E0,-1.659119475E-1,-2.899024771E-1,3.340212876E-1,-1.197826192E2
5.275000000E0,-1.722254279E-1,-2.873153256E-1,3.349801402E-1,-1.209397372E2
5.283333333E0,-1.788805143E-1,-2.845458226E-1,3.361020136E-1,-1.221556349E2
5.291666667E0,-1.851838944E-1,-2.821286354E-1,3.374753942E-1,-1.232801366E2
5.300000000E0,-1.915928707E-1,-2.801542878E-1,3.394027888E-1,-1.243675769E2
5.308333333E0,-1.974581519E-1,-2.782927941E-1,3.412280777E-1,-1.253569901E2
5.316666667E0,-2.028269293E-1,-2.761125101E-1,3.426030962E-1,-1.263002866E2
5.325000000E0,-2.080736811E-1,-2.740655081E-1,3.441025421E-1,-1.272061855E2
5.333333333E0,-2.129880445E-1,-2.722174353E-1,3.456388855E-1,-1.280402951E2
5.341666667E0,-2.176222681E-1,-2.692631276E-1,3.462110389E-1,-1.289456336E2
5.350000000E0,-2.219331320E-1,-2.667479910E-1,3.469997202E-1,-1.297603044E2
5.358333333E0,-2.259381113E-1,-2.648124250E-1,3.481000582E-1,-1.304708295E2
5.366666667E0,-2.302918395E-1,-2.632305373E-1,3.497494062E-1,-1.311816248E2
5.375000000E0,-2.335089565E-1,-2.611980829E-1,3.503582043E-1,-1.317964545E2
5.383333333E0,-2.364049401E-1,-2.595458836E-1,3.510717326E-1,-1.323285306E2
5.391666667E0,-2.387704682E-1,-2.572913580E-1,3.510130758E-1,-1.328618065E2
5.400000000E0,-2.410583914E-1,-2.557281838E-1,3.514342784E-1,-1.333085835E2
5.408333333E0,-2.432364293E-1,-2.550054039E-1,3.524084513E-1,-1.336468675E2
5.416666667E0,-2.450935793E-1,-2.539509970E-1,3.529333811E-1,-1.339831783E2
5.425000000E0,-2.460425454E-1,-2.531187707E-1,3.529958161E-1,-1.341878163E2
5.433333333E0,-2.472122523E-1,-2.522259834E-1,3.531739577E-1,-1.344248418E2
5.441666667E0,-2.482875418E-1,-2.518928613E-1,3.536901427E-1,-1.345870170E2
5.450000000E0,-2.489116691E-1,-2.522266678E-1,3.543660691E-1,-1.346209975E2
5.458333333E0,-2.491677767E-1,-2.519853677E-1,3.543743874E-1,-1.346778742E2
5.466666667E0,-2.491243399E-1,-2.520817584E-1,3.544124005E-1,-1.346619242E2
5.475000000E0,-2.482115989E-1,-2.520644957E-1,3.537591098E-1,-1.345587429E2
5.483333333E0,-2.474374613E-1,-2.525658325E-1,3.535743161E-1,-1.344123564E2
5.491666667E0,-2.460556289E-1,-2.533721433E-1,3.531866582E-1,-1.341606886E2
5.500000000E0,-2.450664426E-1,-2.549976966E-1,3.536684699E-1,-1.338622576E2
5.508333333E0,-2.430687232E-1,-2.559033501E-1,3.529432374E-1,-1.335265551E2
5.516666667E0,-2.407201815E-1,-2.573148758E-1,3.523594061E-1,-1.330915916E2
5.525000000E0,-2.376921279E-1,-2.583198753E-1,3.510366158E-1,-1.326186015E2
5.533333333E0,-2.345326341E-1,-2.593687089E-1,3.496822610E-1,-1.321212780E2
5.541666667E0,-2.320486382E-1,-2.619631330E-1,3.499589312E-1,-1.315347304E2
5.550000000E0,-2.281887803E-1,-2.634551347E-1,3.485379857E-1,-1.308971153E2
5.558333333E0,-2.241390309E-1,-2.652778556E-1,3.472904344E-1,-1.301951942E2
5.566666667E0,-2.196986772E-1,-2.670979327E-1,3.458450728E-1,-1.294386565E2
5.575000000E0,-2.155527093E-1,-2.696903395E-1,3.452475195E-1,-1.286339471E2
5.583333333E0,-2.112627463E-1,-2.721432602E-1,3.445198137E-1,-1.278219182E2
5.591666667E0,-2.060139184E-1,-2.737140376E-1,3.425800767E-1,-1.269673550E2
5.600000000E0,-2.005721780E-1,-2.760806246E-1,3.412472855E-1,-1.259983514E2
5.608333333E0,-1.946218788E-1,-2.780480017E-1,3.393941174E-1,-1.249903990E2
5.616666667E0,-1.889962837E-1,-2.806739564E-1,3.383747406E-1,-1.239549821E2
5.625000000E0,-1.821087181E-1,-2.826748437E-1,3.362568252E-1,-1.227910072E2
5.633333333E0,-1.755393542E-1,-2.850208952E-1,3.347401612E-1,-1.216281847E2
5.641666667E0,-1.687905364E-1,-2.870366257E-1,3.329868911E-1,-1.204574565E2
5.650000000E0,-1.618280796E-1,-2.893985800E-1,3.315718104E-1,-1.192133766E2
5.658333333E0,-1.546247917E-1,-2.911390297E-1,3.296524850E-1,-1.179729022E2
5.666666667E0,-1.468220780E-1,-2.929722558E-1,3.277033190E-1,-1.166175877E2
5.675000000E0,-1.388048972E-1,-2.946106396E-1,3.256719645E-1,-1.152273250E2
5.683333333E0,-1.321539068E-1,-2.960817904E-1,3.242361512E-1,-1.140532406E2
5.691666667E0,-1.239854593E-1,-2.980598186E-1,3.228189114E-1,-1.125860937E2
5.700000000E0,-1.155031884E-1,-2.987161005E-1,3.202690981E-1,-1.111397630E2
5.708333333E0,-1.071281692E-1,-2.988300715E-1,3.174521323E-1,-1.097223470E2
5.716666667E0,-9.927083207E-2,-3.003882950E-1,3.163666005E-1,-1.082874310E2
5.725000000E0,-9.072265904E-2,-3.008062844E-1,3.141894677E-1,-1.067832209E2
5.733333333E0,-8.228450858E-2,-3.006288616E-1,3.116864655E-1,-1.053074042E2
5.741666667E0,-7.381688698E-2,-3.009942917E-1,3.099136919E-1,-1.037794603E2
5.750000000E0,-6.588282051E-2,-2.999040794E-1,3.070553743E-1,-1.023899095E2
5.758333333E0,-5.784367275E-2,-2.986386101E-1,3.041889378E-1,-1.009619499E2
5.766666667E0,-4.984214101E-2,-2.983644983E-1,3.024989469E-1,-9.948375634E1
5.775000000E0,-4.168094159E-2,-2.967985526E-1,2.997109970E-1,-9.799406046E1
5.783333333E0,-3.200340932E-2,-2.960071584E-1,2.977321884E-1,-9.617067932E1
5.791666667E0,-2.562101606E-2,-2.940247908E-1,2.951389741E-1,-9.498011537E1
5.800000000E0,-1.923937464E-2,-2.930126106E-1,2.936435654E-1,-9.375668092E1
5.808333333E0,-1.132639567E-2,-2.901394697E-1,2.903604641E-1,-9.223556386E1
5.816666667E0,-4.254171399E-3,-2.879288276E-1,2.879602537E-1,-9.084648812E1
5.825000000E0,3.374741565E-3,-2.860119097E-1,2.860318188E-1,-8.932398103E1
5.833333333E0,9.432345813E-3,-2.838060550E-1,2.839627546E-1,-8.809646502E1
5.841666667E0,1.611430326E-2,-2.807140882E-1,2.811762260E-1,-8.671455961E1
5.850000000E0,2.242910587E-2,-2.784255696E-1,2.793275185E-1,-8.539437400E1
5.858333333E0,2.787482330E-2,-2.756843613E-1,2.770900086E-1,-8.422636751E1
5.866666667E0,3.334779043E-2,-2.736253872E-1,2.756500094E-1,-8.305140828E1
5.875000000E0,3.855193299E-2,-2.711531323E-1,2.738800334E-1,-8.190805100E1
5.883333333E0,4.373659678E-2,-2.689015151E-1,2.724351569E-1,-8.076178940E1
5.891666667E0,4.848358831E-2,-2.663823963E-1,2.707586368E-1,-7.968465504E1
5.900000000E0,5.229974119E-2,-2.633927004E-1,2.685348722E-1,-7.876932023E1
5.908333333E0,5.623897802E-2,-2.614020788E-1,2.673833754E-1,-7.785825722E1
5.916666667E0,6.020422507E-2,-2.594764732E-1,2.663692716E-1,-7.693725807E1
5.925000000E0,6.351664937E-2,-2.571927907E-1,2.649197922E-1,-7.612774004E1
5.933333333E0,6.689058451E-2,-2.551499965E-1,2.637723849E-1,-7.530982544E1
5.941666667E0,6.891159865E-2,-2.532513345E-1,2.624596100E-1,-7.477793610E1
5.950000000E0,7.085995121E-2,-2.513526691E-1,2.611499511E-1,-7.425608840E1
5.958333333E0,7.280309357E-2,-2.501006581E-1,2.604815341E-1,-7.376997712E1
5.966666667E0,7.485768219E-2,-2.480010961E-1,2.590525357E-1,-7.320386696E1
5.975000000E0,7.559417881E-2,-2.470985486E-1,2.584031203E-1,-7.298970089E1
5.983333333E0,7.642175125E-2,-2.464574135E-1,2.580339915E-1,-7.277233196E1
5.991666667E0,7.694274393E-2,-2.459950934E-1,2.577474963E-1,-7.263127644E1
6.000000000E0,7.712443975E-2,-2.459962312E-1,2.578028801E-1,-7.259281192E1
6.008333333E0,7.705126638E-2,-2.457754574E-1,2.575703265E-1,-7.259365175E1
6.016666667E0,7.711814504E-2,-2.461121462E-1,2.579116066E-1,-7.260184990E1
6.025000000E0,7.629131632E-2,-2.463765096E-1,2.579181060E-1,-7.279468480E1
6.033333333E0,7.523984837E-2,-2.475415964E-1,2.587235528E-1,-7.309343962E1
6.041666667E0,7.366551142E-2,-2.481593332E-1,2.588622457E-1,-7.346660301E1
6.050000000E0,7.225442385E-2,-2.489511525E-1,2.592245708E-1,-7.381540350E1
6.058333333E0,7.012142828E-2,-2.505230798E-1,2.601515486E-1,-7.436306285E1
6.066666667E0,6.827452032E-2,-2.519053212E-1,2.609936800E-1,-7.483530274E1
6.075000000E0,6.541609986E-2,-2.543097091E-1,2.625884504E-1,-7.557454089E1
6.083333333E0,6.250029303E-2,-2.566981478E-1,2.641973234E-1,-7.631600670E1
6.091666667E0,5.941385631E-2,-2.581792646E-1,2.649274221E-1,-7.704035912E1
6.100000000E0,5.514784046E-2,-2.599574838E-1,2.657426907E-1,-7.802274045E1
6.108333333E0,5.159288709E-2,-2.627238739E-1,2.677417784E-1,-7.888981275E1
6.116666667E0,4.699205116E-2,-2.654420686E-1,2.695695544E-1,-7.996076309E1
6.125000000E0,4.234658154E-2,-2.678215630E-1,2.711487093E-1,-8.101506583E1
6.133333333E0,3.693743665E-2,-2.708372616E-1,2.733444649E-1,-8.223377835E1
6.141666667E0,3.203136525E-2,-2.728990222E-1,2.747724234E-1,-8.330557131E1
6.150000000E0,2.612838013E-2,-2.757469976E-1,2.769821275E-1,-8.458710522E1
6.158333333E0,2.008325486E-2,-2.778411248E-1,2.785660204E-1,-8.586566624E1
6.166666667E0,1.392581416E-2,-2.802337531E-1,2.805795514E-1,-8.715510870E1
6.175000000E0,7.781315485E-3,-2.823903702E-1,2.824975576E-1,-8.842160429E1
6.183333333E0,1.113790738E-3,-2.842710062E-1,2.842731881E-1,-8.977551287E1
6.191666667E0,-5.829873490E-3,-2.869424377E-1,2.870016550E-1,-9.116393099E1
6.200000000E0,-1.260091191E-2,-2.892262591E-1,2.895006251E-1,-9.249466555E1
6.208333333E0,-2.024506697E-2,-2.908522499E-1,2.915559878E-1,-9.398170890E1
6.216666667E0,-2.707591613E-2,-2.925427185E-1,2.937930350E-1,-9.528787275E1
6.225000000E0,-3.511633122E-2,-2.935291799E-1,2.956222863E-1,-9.682215023E1
6.233333333E0,-4.341756072E-2,-2.944937449E-1,2.976770907E-1,-9.838676792E1
6.241666667E0,-5.200440953E-2,-2.971444669E-1,3.016608905E-1,-9.992701778E1
6.250000000E0,-6.036963103E-2,-2.971310478E-1,3.032018337E-1,-1.014847482E2
6.258333333E0,-6.836732568E-2,-2.974608260E-1,3.052163728E-1,-1.029438616E2
6.266666667E0,-7.678739675E-2,-2.992452012E-1,3.089401151E-1,-1.043917886E2
6.275000000E0,-8.516476911E-2,-3.000646769E-1,3.119164122E-1,-1.058450754E2
6.283333333E0,-9.315237135E-2,-2.990528562E-1,3.132251189E-1,-1.073013586E2
6.291666667E0,-1.015804460E-1,-2.978130487E-1,3.146604503E-1,-1.088338910E2
6.300000000E0,-1.101043780E-1,-2.978798211E-1,3.175773321E-1,-1.102856656E2
6.308333333E0,-1.176917553E-1,-2.966865276E-1,3.191774506E-1,-1.116375952E2
6.316666667E0,-1.256685365E-1,-2.955944558E-1,3.211987910E-1,-1.130322054E2
6.325000000E0,-1.337056391E-1,-2.947108001E-1,3.236227026E-1,-1.144030459E2
6.333333333E0,-1.409933505E-1,-2.931165899E-1,3.252636779E-1,-1.156882324E2
6.341666667E0,-1.491598783E-1,-2.928008897E-1,3.286046717E-1,-1.169953973E2
6.350000000E0,-1.563770189E-1,-2.909965127E-1,3.303524518E-1,-1.182528956E2
6.358333333E0,-1.631841406E-1,-2.887832870E-1,3.316999406E-1,-1.194696942E2
6.366666667E0,-1.701753977E-1,-2.867493032E-1,3.334438917E-1,-1.206876070E2
6.375000000E0,-1.765678605E-1,-2.845069701E-1,3.348438821E-1,-1.218241504E2
6.383333333E0,-1.836764833E-1,-2.829923334E-1,3.373747342E-1,-1.229856307E2
6.391666667E0,-1.895278976E-1,-2.799738763E-1,3.380919925E-1,-1.240959771E2
6.400000000E0,-1.964362689E-1,-2.791742419E-1,3.413582650E-1,-1.251314918E2
6.408333333E0,-2.019035943E-1,-2.766915344E-1,3.425248409E-1,-1.261184701E2
6.416666667E0,-2.062231049E-1,-2.730691874E-1,3.421911017E-1,-1.270602702E2
6.425000000E0,-2.114658249E-1,-2.717608943E-1,3.443425312E-1,-1.278876240E2
6.433333333E0,-2.157821470E-1,-2.688600227E-1,3.447428705E-1,-1.287498919E2
6.441666667E0,-2.197902008E-1,-2.668277270E-1,3.456946170E-1,-1.294788210E2
6.450000000E0,-2.239268305E-1,-2.648370122E-1,3.468167649E-1,-1.302154199E2
6.458333333E0,-2.273305075E-1,-2.626859708E-1,3.473947019E-1,-1.308731703E2
6.466666667E0,-2.316408034E-1,-2.621691694E-1,3.498430150E-1,-1.314623573E2
6.475000000E0,-2.343864144E-1,-2.602399192E-1,3.502310763E-1,-1.320079435E2
6.483333333E0,-2.377766422E-1,-2.597882107E-1,3.521755898E-1,-1.324669670E2
6.491666667E0,-2.399686729E-1,-2.574314148E-1,3.519316657E-1,-1.329892834E2
6.500000000E0,-2.419914006E-1,-2.562420263E-1,3.524483139E-1,-1.333616552E2
6.508333333E0,-2.438408375E-1,-2.552126179E-1,3.529756852E-1,-1.336946443E2
6.516666667E0,-2.449936069E-1,-2.542297367E-1,3.530646208E-1,-1.339400918E2
6.525000000E0,-2.464366722E-1,-2.536834479E-1,3.536754517E-1,-1.341698382E2
6.533333333E0,-2.473212157E-1,-2.538598024E-1,3.544186550E-1,-1.342525412E2
6.541666667E0,-2.473493587E-1,-2.528761822E-1,3.537344608E-1,-1.343669840E2
6.550000000E0,-2.474245738E-1,-2.527941901E-1,3.537284584E-1,-1.343849800E2
6.558333333E0,-2.473535783E-1,-2.537014930E-1,3.543278711E-1,-1.342741531E2
6.566666667E0,-2.462668026E-1,-2.530314404E-1,3.530895749E-1,-1.342237876E2
6.575000000E0,-2.461342674E-1,-2.550545074E-1,3.544501084E-1,-1.339803480E2
6.583333333E0,-2.452516705E-1,-2.560794646E-1,3.545773175E-1,-1.337627131E2
6.591666667E0,-2.440738211E-1,-2.574095702E-1,3.547276659E-1,-1.334767150E2
6.600000000E0,-2.418997874E-1,-2.578001046E-1,3.535200151E-1,-1.331774785E2
6.608333333E0,-2.401228277E-1,-2.574766876E-1,3.520699036E-1,-1.330026104E2
6.616666667E0,-2.373953114E-1,-2.582752893E-1,3.508028776E-1,-1.325878583E2
6.625000000E0,-2.363624510E-1,-2.604097849E-1,3.516823344E-1,-1.322286373E2
6.633333333E0,-2.342707692E-1,-2.625679538E-1,3.518873735E-1,-1.317402710E2
6.641666667E0,-2.312942120E-1,-2.640313039E-1,3.510121678E-1,-1.312187023E2
6.650000000E0,-2.264966000E-1,-2.668433497E-1,3.500086900E-1,-1.303245927E2
6.658333333E0,-2.227557993E-1,-2.690348638E-1,3.492848466E-1,-1.296241163E2
6.666666667E0,-2.184064372E-1,-2.713763806E-1,3.483482622E-1,-1.288274603E2
6.675000000E0,-2.139247743E-1,-2.736073470E-1,3.473107965E-1,-1.280207070E2
6.683333333E0,-2.088514980E-1,-2.755898853E-1,3.457871211E-1,-1.271561013E2
6.691666667E0,-2.027760599E-1,-2.778934567E-1,3.440100344E-1,-1.261178532E2
6.700000000E0,-1.958659784E-1,-2.794849288E-1,3.412847886E-1,-1.250231757E2
6.708333333E0,-1.894096723E-1,-2.818362387E-1,3.395698593E-1,-1.239033023E2
6.716666667E0,-1.833874843E-1,-2.841520594E-1,3.381913101E-1,-1.228375924E2
6.725000000E0,-1.776958874E-1,-2.858739054E-1,3.366002350E-1,-1.218646024E2
6.733333333E0,-1.712502984E-1,-2.884931672E-1,3.354921344E-1,-1.206934787E2
6.741666667E0,-1.645186739E-1,-2.909860888E-1,3.342742855E-1,-1.194830926E2
6.750000000E0,-1.563378238E-1,-2.920744962E-1,3.312839062E-1,-1.181586712E2
6.758333333E0,-1.489129396E-1,-2.937376862E-1,3.293279397E-1,-1.168831358E2
6.766666667E0,-1.407093242E-1,-2.955871318E-1,3.273696174E-1,-1.154560047E2
6.775000000E0,-1.331110611E-1,-2.976823645E-1,3.260879401E-1,-1.140921897E2
6.783333333E0,-1.253030761E-1,-2.989367359E-1,3.241358249E-1,-1.127416047E2
6.791666667E0,-1.164388894E-1,-2.988345038E-1,3.207180625E-1,-1.112880467E2
6.800000000E0,-1.084052337E-1,-3.001965670E-1,3.191702893E-1,-1.098553693E2
6.808333333E0,-9.986548488E-2,-3.006548827E-1,3.168066817E-1,-1.083744162E2
6.816666667E0,-9.145928931E-2,-3.007024477E-1,3.143036170E-1,-1.069172504E2
6.825000000E0,-8.292699078E-2,-3.008202961E-1,3.120412415E-1,-1.054119095E2
6.833333333E0,-7.417820257E-2,-3.013951367E-1,3.103891657E-1,-1.038266131E2
6.841666667E0,-6.605511769E-2,-3.007355893E-1,3.079044872E-1,-1.023880250E2
6.850000000E0,-5.748899515E-2,-3.010723049E-1,3.065118551E-1,-1.008103526E2
6.858333333E0,-4.939663891E-2,-3.007142339E-1,3.047442837E-1,-9.932834972E1
6.866666667E0,-4.134198555E-2,-2.992545556E-1,3.020967541E-1,-9.786561863E1
6.875000000E0,-3.343201233E-2,-2.967331231E-1,2.986105253E-1,-9.642823185E1
6.883333333E0,-2.519733658E-2,-2.962024596E-1,2.972722706E-1,-9.486232832E1
6.891666667E0,-1.721224195E-2,-2.942322842E-1,2.947353022E-1,-9.334792009E1
6.900000000E0,-9.982156134E-3,-2.926429808E-1,2.928131787E-1,-9.195362196E1
6.908333333E0,-3.345363898E-3,-2.901054148E-1,2.901247027E-1,-9.066067963E1
6.916666667E0,3.721971670E-3,-2.883452648E-1,2.883692855E-1,-8.926046497E1
6.925000000E0,9.833800362E-3,-2.858169254E-1,2.859860460E-1,-8.802946208E1
6.933333333E0,1.621443763E-2,-2.829242147E-1,2.833884600E-1,-8.671995648E1
6.941666667E0,2.292033709E-2,-2.811820066E-1,2.821146269E-1,-8.533988145E1
6.950000000E0,2.887722584E-2,-2.788118455E-1,2.803032989E-1,-8.408681967E1
6.958333333E0,3.418549612E-2,-2.760930770E-1,2.782014294E-1,-8.294163344E1
6.966666667E0,3.950447576E-2,-2.731983913E-1,2.760397881E-1,-8.177206281E1
6.975000000E0,4.416169973E-2,-2.706021337E-1,2.741820024E-1,-8.073116012E1
6.983333333E0,4.864857996E-2,-2.679476047E-1,2.723281168E-1,-7.970947088E1
6.991666667E0,5.294226452E-2,-2.655337687E-1,2.707601627E-1,-7.872419929E1
7.000000000E0,5.695036939E-2,-2.632971072E-1,2.693858037E-1,-7.779511054E1
7.008333333E0,6.031166839E-2,-2.605408319E-1,2.674304067E-1,-7.696637429E1
7.016666667E0,6.345696405E-2,-2.583135415E-1,2.659937443E-1,-7.619810211E1
7.025000000E0,6.630769354E-2,-2.563109617E-1,2.647489742E-1,-7.549556404E1
7.033333333E0,6.838095756E-2,-2.542839970E-1,2.633178810E-1,-7.494834555E1
7.041666667E0,7.061172600E-2,-2.535036278E-1,2.631541472E-1,-7.443518009E1
7.050000000E0,7.217906671E-2,-2.515885953E-1,2.617377293E-1,-7.399217262E1
7.058333333E0,7.368787964E-2,-2.507139609E-1,2.613185677E-1,-7.362129688E1
7.066666667E0,7.517954802E-2,-2.490263262E-1,2.601270374E-1,-7.320125095E1
7.075000000E0,7.615912181E-2,-2.483932317E-1,2.598064845E-1,-7.295409002E1
7.083333333E0,7.740520163E-2,-2.476934898E-1,2.595065127E-1,-7.264576756E1
7.091666667E0,7.739450423E-2,-2.476441012E-1,2.594561815E-1,-7.264476916E1
7.100000000E0,7.726674723E-2,-2.475227302E-1,2.593022410E-1,-7.266371358E1
7.108333333E0,7.707033762E-2,-2.478055490E-1,2.595138283E-1,-7.272371340E1
7.116666667E0,7.658522160E-2,-2.481204784E-1,2.596710765E-1,-7.284656056E1
7.125000000E0,7.529681018E-2,-2.487465552E-1,2.598931672E-1,-7.315867703E1
7.133333333E0,7.403511195E-2,-2.495429327E-1,2.602938206E-1,-7.347527960E1
7.141666667E0,7.232430047E-2,-2.508259846E-1,2.610449750E-1,-7.391537297E1
7.150000000E0,7.053559767E-2,-2.519757733E-1,2.616621120E-1,-7.436146863E1
7.158333333E0,6.810398631E-2,-2.536437613E-1,2.626277034E-1,-7.497042506E1
7.166666667E0,6.557053737E-2,-2.552468663E-1,2.635345482E-1,-7.559278103E1
7.175000000E0,6.259433467E-2,-2.570835364E-1,2.645940200E-1,-7.631596292E1
7.183333333E0,5.966969595E-2,-2.590768813E-1,2.658595551E-1,-7.703001042E1
7.191666667E0,5.615408039E-2,-2.613881681E-1,2.673519313E-1,-7.787541747E1
7.200000000E0,5.179791677E-2,-2.638988527E-1,2.689342459E-1,-7.889518733E1
7.208333333E0,4.769781881E-2,-2.660727341E-1,2.703142278E-1,-7.983676175E1
7.216666667E0,4.283602742E-2,-2.689504025E-1,2.723403096E-1,-8.095044795E1
7.225000000E0,3.783374930E-2,-2.711807284E-1,2.738071950E-1,-8.205765191E1
7.233333333E0,3.223435516E-2,-2.737739925E-1,2.756651096E-1,-8.328486844E1
7.241666667E0,2.677448000E-2,-2.765104399E-1,2.778037008E-1,-8.446929738E1
7.250000000E0,2.052103943E-2,-2.789203945E-1,2.796742740E-1,-8.579215304E1
7.258333333E0,1.440706483E-2,-2.818275818E-1,2.821955871E-1,-8.707357925E1
7.266666667E0,8.078733697E-3,-2.837774635E-1,2.838924351E-1,-8.836931252E1
7.275000000E0,1.556166140E-3,-2.861896313E-1,2.861938621E-1,-8.968845526E1
7.283333333E0,-5.924693653E-3,-2.882281862E-1,2.882890725E-1,-9.117758137E1
7.291666667E0,-1.415297871E-2,-2.907118615E-1,2.910561685E-1,-9.278717973E1
7.300000000E0,-2.053564704E-2,-2.920447793E-1,2.927658893E-1,-9.402223391E1
7.308333333E0,-2.731570942E-2,-2.936944273E-1,2.949619715E-1,-9.531363616E1
7.316666667E0,-3.529447731E-2,-2.956538820E-1,2.977531160E-1,-9.680762122E1
7.325000000E0,-4.303495175E-2,-2.978075473E-1,3.009008845E-1,-9.822265917E1
7.333333333E0,-5.190029271E-2,-2.984104411E-1,3.028901315E-1,-9.986633337E1
7.341666667E0,-5.974714122E-2,-2.992085435E-1,3.051155082E-1,-1.012925191E2
7.350000000E0,-6.810994460E-2,-3.000388961E-1,3.076723968E-1,-1.027896091E2
7.358333333E0,-7.630841044E-2,-3.006681125E-1,3.102003987E-1,-1.042407692E2
7.366666667E0,-8.446608531E-2,-3.005304921E-1,3.121747848E-1,-1.056983698E2
7.375000000E0,-9.305878848E-2,-3.000608334E-1,3.141598986E-1,-1.072303920E2
7.383333333E0,-1.012724072E-1,-3.005652150E-1,3.171680137E-1,-1.086207230E2
7.391666667E0,-1.099902717E-1,-2.998763270E-1,3.194114452E-1,-1.101423021E2
7.400000000E0,-1.181835238E-1,-2.988062655E-1,3.213293164E-1,-1.115797332E2
7.408333333E0,-1.263950787E-1,-2.982838559E-1,3.239582915E-1,-1.129643616E2
7.416666667E0,-1.342701867E-1,-2.972300955E-1,3.261505982E-1,-1.143105116E2
7.425000000E0,-1.417630499E-1,-2.960607411E-1,3.282510087E-1,-1.155865427E2
7.433333333E0,-1.492237509E-1,-2.944383953E-1,3.300934663E-1,-1.168762590E2
7.441666667E0,-1.566320593E-1,-2.921157113E-1,3.314591842E-1,-1.182001507E2
7.450000000E0,-1.639697887E-1,-2.905256373E-1,3.336034135E-1,-1.194399518E2
7.458333333E0,-1.704180910E-1,-2.889502172E-1,3.354617024E-1,-1.205314055E2
7.466666667E0,-1.764551929E-1,-2.878788119E-1,3.376546245E-1,-1.215061968E2
7.475000000E0,-1.829359734E-1,-2.851812278E-1,3.388124895E-1,-1.226790638E2
7.483333333E0,-1.891969888E-1,-2.827219442E-1,3.401870049E-1,-1.237903630E2
7.491666667E0,-1.954170083E-1,-2.816374224E-1,3.427935892E-1,-1.247552429E2
7.500000000E0,-2.008717930E-1,-2.793062874E-1,3.440370321E-1,-1.257229733E2
7.508333333E0,-2.061449935E-1,-2.771058893E-1,3.453743364E-1,-1.266463475E2
7.516666667E0,-2.112206413E-1,-2.750672476E-1,3.468085207E-1,-1.275202002E2
7.525000000E0,-2.159193532E-1,-2.726255403E-1,3.477727020E-1,-1.283792143E2
7.533333333E0,-2.201349349E-1,-2.705134898E-1,3.487648745E-1,-1.291375568E2
7.541666667E0,-2.239853484E-1,-2.688009921E-1,3.498905681E-1,-1.298036239E2
7.550000000E0,-2.280273795E-1,-2.671293741E-1,3.512187186E-1,-1.304847843E2
7.558333333E0,-2.318190306E-1,-2.649716428E-1,3.520653837E-1,-1.311821092E2
7.566666667E0,-2.347129318E-1,-2.628275131E-1,3.523754560E-1,-1.317658195E2
7.575000000E0,-2.371502329E-1,-2.617588006E-1,3.532108473E-1,-1.321761881E2
7.583333333E0,-2.401771658E-1,-2.601775339E-1,3.540867410E-1,-1.327109699E2
7.591666667E0,-2.418855956E-1,-2.586993966E-1,3.541666545E-1,-1.330762551E2
7.600000000E0,-2.433244377E-1,-2.571720881E-1,3.540399199E-1,-1.334151547E2
7.608333333E0,-2.448184365E-1,-2.561948029E-1,3.543611772E-1,-1.336992244E2
7.616666667E0,-2.460049401E-1,-2.557973793E-1,3.548953787E-1,-1.338820414E2
7.625000000E0,-2.469711011E-1,-2.555114814E-1,3.553601580E-1,-1.340262734E2
7.633333333E0,-2.482030722E-1,-2.558502925E-1,3.564605690E-1,-1.341308066E2
7.641666667E0,-2.481495149E-1,-2.561291400E-1,3.566234963E-1,-1.340934364E2
7.650000000E0,-2.482615941E-1,-2.557919888E-1,3.564594797E-1,-1.341440836E2
7.658333333E0,-2.472912601E-1,-2.558395029E-1,3.558185191E-1,-1.340266325E2
7.666666667E0,-2.460615294E-1,-2.562547306E-1,3.552643568E-1,-1.338374908E2
7.675000000E0,-2.450804591E-1,-2.572315883E-1,3.552921635E-1,-1.336142624E2
7.683333333E0,-2.438030612E-1,-2.584584000E-1,3.553036408E-1,-1.333286576E2
7.691666667E0,-2.420061131E-1,-2.591370376E-1,3.545687001E-1,-1.330421809E2
7.700000000E0,-2.397193397E-1,-2.603866872E-1,3.539302031E-1,-1.326335451E2
7.708333333E0,-2.376214825E-1,-2.622717155E-1,3.539073632E-1,-1.321769745E2
7.716666667E0,-2.344857258E-1,-2.633837472E-1,3.526394106E-1,-1.316780871E2
7.725000000E0,-2.312081378E-1,-2.651391227E-1,3.517896493E-1,-1.310892657E2
7.733333333E0,-2.280308468E-1,-2.666715694E-1,3.508729016E-1,-1.305337508E2
7.741666667E0,-2.242986018E-1,-2.684362863E-1,3.498112385E-1,-1.298812810E2
7.750000000E0,-2.200538928E-1,-2.704812237E-1,3.486886981E-1,-1.291305744E2
7.758333333E0,-2.154202790E-1,-2.725440340E-1,3.473991178E-1,-1.283230350E2
7.766666667E0,-2.103223533E-1,-2.742599561E-1,3.456212028E-1,-1.274835979E2
7.775000000E0,-2.058137422E-1,-2.768799931E-1,3.449954015E-1,-1.266246009E2
7.783333333E0,-2.004299419E-1,-2.796896103E-1,3.440907435E-1,-1.256259747E2
7.791666667E0,-1.945797061E-1,-2.813127040E-1,3.420498494E-1,-1.246710186E2
7.800000000E0,-1.883637350E-1,-2.833928376E-1,3.402828192E-1,-1.236109368E2
7.808333333E0,-1.821016185E-1,-2.853880178E-1,3.385370292E-1,-1.225413089E2
7.816666667E0,-1.752984358E-1,-2.881754039E-1,3.373049140E-1,-1.213123434E2
7.825000000E0,-1.693077863E-1,-2.894135888E-1,3.352988993E-1,-1.203277576E2
7.833333333E0,-1.620646936E-1,-2.906939246E-1,3.328181526E-1,-1.191400923E2
7.841666667E0,-1.552546565E-1,-2.928791547E-1,3.314848528E-1,-1.179279735E2
7.850000000E0,-1.480611054E-1,-2.949376165E-1,3.300155884E-1,-1.166570269E2
7.858333333E0,-1.403728322E-1,-2.971617549E-1,3.286482019E-1,-1.152850445E2
7.866666667E0,-1.326344746E-1,-2.981745138E-1,3.263432925E-1,-1.139805331E2
7.875000000E0,-1.249511313E-1,-2.990095833E-1,3.240671476E-1,-1.126792387E2
7.883333333E0,-1.164277727E-1,-3.004812862E-1,3.222490180E-1,-1.111799029E2
7.891666667E0,-1.082298847E-1,-3.003557191E-1,3.192604985E-1,-1.098160702E2
7.900000000E0,-9.985346962E-2,-3.004985095E-1,3.166544956E-1,-1.083812720E2
7.908333333E0,-9.132512589E-2,-3.007487695E-1,3.143089260E-1,-1.068913948E2
7.916666667E0,-8.345426892E-2,-3.007432691E-1,3.121075599E-1,-1.055089828E2
7.925000000E0,-7.523925039E-2,-3.005420323E-1,3.098168136E-1,-1.040548562E2
7.933333333E0,-6.677080215E-2,-3.008300994E-1,3.081510810E-1,-1.025142271E2
7.941666667E0,-5.971733165E-2,-3.004037049E-1,3.062818075E-1,-1.012432701E2
7.950000000E0,-5.134029301E-2,-2.995222275E-1,3.038904251E-1,-9.972639397E1
7.958333333E0,-4.342317162E-2,-2.982327114E-1,3.013773747E-1,-9.828414589E1
7.966666667E0,-3.414716036E-2,-2.970315388E-1,2.989878987E-1,-9.655801342E1
7.975000000E0,-2.737320812E-2,-2.953403189E-1,2.966061303E-1,-9.529525197E1
7.983333333E0,-2.054568976E-2,-2.934288982E-1,2.941473162E-1,-9.400527408E1
7.991666667E0,-1.310622565E-2,-2.911139326E-1,2.914088106E-1,-9.257776972E1
8.000000000E0,-5.745477672E-3,-2.892894550E-1,2.893465038E-1,-9.113778205E1
8.008333333E0,7.635610832E-4,-2.869049224E-1,2.869059385E-1,-8.984751491E1
8.016666667E0,7.712695814E-3,-2.849758693E-1,2.850802198E-1,-8.844970358E1
8.025000000E0,1.391822185E-2,-2.826795138E-1,2.830219504E-1,-8.718121811E1
8.033333333E0,1.966780609E-2,-2.800539028E-1,2.807436751E-1,-8.598279076E1
8.041666667E0,2.490439775E-2,-2.780154186E-1,2.791286477E-1,-8.488115289E1
8.050000000E0,3.040147974E-2,-2.757565244E-1,2.774273071E-1,-8.370868819E1
8.058333333E0,3.523176218E-2,-2.732584284E-1,2.755203183E-1,-8.265326967E1
8.066666667E0,4.000394308E-2,-2.703087839E-1,2.732529123E-1,-8.158170155E1
8.075000000E0,4.401478425E-2,-2.677584918E-1,2.713520060E-1,-8.066506619E1
8.083333333E0,4.818473918E-2,-2.657263098E-1,2.700596986E-1,-7.972210892E1
8.091666667E0,5.294413781E-2,-2.625861418E-1,2.678704232E-1,-7.860052752E1
8.100000000E0,5.630653934E-2,-2.602525770E-1,2.662739758E-1,-7.779202049E1
8.108333333E0,5.922297025E-2,-2.587620801E-1,2.654527722E-1,-7.710872242E1
8.116666667E0,6.244200775E-2,-2.569527083E-1,2.644308958E-1,-7.634132558E1
8.125000000E0,6.475280972E-2,-2.552686350E-1,2.633533793E-1,-7.576627159E1
8.133333333E0,6.681634424E-2,-2.533294617E-1,2.619928244E-1,-7.522456613E1
8.141666667E0,6.890207157E-2,-2.518023245E-1,2.610592003E-1,-7.469645397E1
8.150000000E0,7.018922891E-2,-2.500762466E-1,2.597395945E-1,-7.432209257E1
8.158333333E0,7.134752896E-2,-2.490345302E-1,2.590534059E-1,-7.401317591E1
8.166666667E0,7.239003617E-2,-2.485955310E-1,2.589209442E-1,-7.376464888E1
8.175000000E0,7.344677934E-2,-2.483905314E-1,2.590217857E-1,-7.352753968E1
8.183333333E0,7.325859874E-2,-2.481650727E-1,2.587522475E-1,-7.355334240E1
8.191666667E0,7.294689746E-2,-2.481442750E-1,2.586442172E-1,-7.361826196E1
8.200000000E0,7.299244329E-2,-2.484340201E-1,2.589350481E-1,-7.362667518E1
8.208333333E0,7.269559412E-2,-2.485382232E-1,2.589515356E-1,-7.369619193E1
8.216666667E0,7.131210914E-2,-2.486925010E-1,2.587148565E-1,-7.399985481E1
8.225000000E0,7.003297539E-2,-2.492312580E-1,2.588838303E-1,-7.430485178E1
8.233333333E0,6.844801962E-2,-2.504373766E-1,2.596228245E-1,-7.471360088E1
8.241666667E0,6.605239799E-2,-2.519224856E-1,2.604378199E-1,-7.530813499E1
8.250000000E0,6.385165028E-2,-2.534518938E-1,2.613711838E-1,-7.585983096E1
8.258333333E0,6.134984412E-2,-2.549714948E-1,2.622484824E-1,-7.647097951E1
8.266666667E0,5.892493232E-2,-2.568086945E-1,2.634821687E-1,-7.707713090E1
8.275000000E0,5.553683088E-2,-2.594445443E-1,2.653220895E-1,-7.791758039E1
8.283333333E0,5.191302960E-2,-2.615825157E-1,2.666840362E-1,-7.877506855E1
8.291666667E0,4.814092968E-2,-2.635671557E-1,2.679275922E-1,-7.964894396E1
8.300000000E0,4.392524395E-2,-2.660092223E-1,2.696114490E-1,-8.062354411E1
8.308333333E0,3.999716197E-2,-2.680803099E-1,2.710476444E-1,-8.151415550E1
8.316666667E0,3.560004083E-2,-2.710280273E-1,2.733560947E-1,-8.251693135E1
8.325000000E0,3.064740092E-2,-2.740110328E-1,2.757196207E-1,-8.361814412E1
8.333333333E0,2.538745984E-2,-2.761762317E-1,2.773406463E-1,-8.474785449E1
8.341666667E0,1.833001693E-2,-2.783650325E-1,2.789678849E-1,-8.623257787E1
8.350000000E0,1.226191470E-2,-2.804902750E-1,2.807581680E-1,-8.749685110E1
8.358333333E0,5.958135791E-3,-2.826443299E-1,2.827071216E-1,-8.879238518E1
8.366666667E0,8.763468215E-5,-2.850291209E-1,2.850291344E-1,-8.998238391E1
8.375000000E0,-6.699181737E-3,-2.867596858E-1,2.868379272E-1,-9.133828098E1
8.383333333E0,-1.442619865E-2,-2.890927863E-1,2.894525078E-1,-9.285678255E1
8.391666667E0,-2.048706494E-2,-2.912443885E-1,2.919640622E-1,-9.402374102E1
8.400000000E0,-2.748640066E-2,-2.928159504E-1,2.941031843E-1,-9.536259544E1
8.408333333E0,-3.555552230E-2,-2.948308918E-1,2.969670856E-1,-9.687645297E1
8.416666667E0,-4.406028320E-2,-2.953395447E-1,2.986080294E-1,-9.848510174E1
8.425000000E0,-5.146044620E-2,-2.971425295E-1,3.015656817E-1,-9.982527856E1
8.433333333E0,-5.962732898E-2,-2.969626249E-1,3.028897802E-1,-1.013534864E2
8.441666667E0,-6.765187131E-2,-2.975290120E-1,3.051233991E-1,-1.028100599E2
8.450000000E0,-7.553099318E-2,-2.989664561E-1,3.083599728E-1,-1.041785374E2
8.458333333E0,-8.398434993E-2,-2.994771432E-1,3.110304331E-1,-1.056654402E2
8.466666667E0,-9.269274194E-2,-3.005309693E-1,3.145008870E-1,-1.071413278E2
8.475000000E0,-1.006775125E-1,-2.994402134E-1,3.159120177E-1,-1.085836267E2
8.483333333E0,-1.082692542E-1,-2.985600119E-1,3.175851258E-1,-1.099325771E2
8.491666667E0,-1.164276586E-1,-2.986987350E-1,3.205874825E-1,-1.112949860E2
8.500000000E0,-1.239739127E-1,-2.979395945E-1,3.227034753E-1,-1.125923992E2
8.508333333E0,-1.314358890E-1,-2.965983020E-1,3.244163154E-1,-1.139002605E2
8.516666667E0,-1.393075307E-1,-2.951515375E-1,3.263755784E-1,-1.152666763E2
8.525000000E0,-1.467758884E-1,-2.937847542E-1,3.284092618E-1,-1.165468736E2
8.533333333E0,-1.542552846E-1,-2.922852084E-1,3.304925655E-1,-1.178231223E2
8.541666667E0,-1.610726302E-1,-2.900365316E-1,3.317613327E-1,-1.190457307E2
8.550000000E0,-1.687654769E-1,-2.888152840E-1,3.345086762E-1,-1.202993273E2
8.558333333E0,-1.751919862E-1,-2.870367561E-1,3.362771645E-1,-1.213976734E2
8.566666667E0,-1.819999390E-1,-2.853273556E-1,3.384312007E-1,-1.225323216E2
8.575000000E0,-1.879162017E-1,-2.836645266E-1,3.402617559E-1,-1.235228523E2
8.583333333E0,-1.940156740E-1,-2.813295414E-1,3.417431676E-1,-1.245916401E2
8.591666667E0,-1.992879057E-1,-2.789926454E-1,3.428593962E-1,-1.255386902E2
8.600000000E0,-2.039958036E-1,-2.753867723E-1,3.427129444E-1,-1.265296079E2
8.608333333E0,-2.094403606E-1,-2.736679108E-1,3.446148431E-1,-1.274271349E2
8.616666667E0,-2.143903606E-1,-2.718325963E-1,3.462025233E-1,-1.282623237E2
8.625000000E0,-2.186081757E-1,-2.699989074E-1,3.474031440E-1,-1.289958179E2
8.633333333E0,-2.226053638E-1,-2.679904024E-1,3.483848501E-1,-1.297146080E2
8.641666667E0,-2.261797305E-1,-2.658718428E-1,3.490631852E-1,-1.303881320E2
8.650000000E0,-2.301002625E-1,-2.639437748E-1,3.501606018E-1,-1.310811879E2
8.658333333E0,-2.330829866E-1,-2.627413291E-1,3.512273973E-1,-1.315768611E2
8.666666667E0,-2.358402716E-1,-2.611545591E-1,3.518839830E-1,-1.320841759E2
8.675000000E0,-2.378828495E-1,-2.593882514E-1,3.519524329E-1,-1.325236818E2
8.683333333E0,-2.397249373E-1,-2.576108391E-1,3.518968457E-1,-1.329403347E2
8.691666667E0,-2.419711110E-1,-2.572826644E-1,3.531917156E-1,-1.332433533E2
8.700000000E0,-2.436302288E-1,-2.563427681E-1,3.536485587E-1,-1.335434855E2
8.708333333E0,-2.445881704E-1,-2.556539536E-1,3.538111319E-1,-1.337327751E2
8.716666667E0,-2.454232112E-1,-2.546899806E-1,3.536941317E-1,-1.339384683E2
8.725000000E0,-2.462480769E-1,-2.548514137E-1,3.543830674E-1,-1.340163900E2
8.733333333E0,-2.463464261E-1,-2.546581607E-1,3.543124899E-1,-1.340495424E2
8.741666667E0,-2.461286104E-1,-2.550949519E-1,3.544752845E-1,-1.339751505E2
8.750000000E0,-2.458535704E-1,-2.556407572E-1,3.546775646E-1,-1.338819548E2
8.758333333E0,-2.443300906E-1,-2.548677840E-1,3.530648390E-1,-1.337907086E2
8.766666667E0,-2.436393589E-1,-2.560247353E-1,3.534243940E-1,-1.335800771E2
8.775000000E0,-2.425439724E-1,-2.566028709E-1,3.530900903E-1,-1.333866418E2
8.783333333E0,-2.409755781E-1,-2.576825933E-1,3.528024208E-1,-1.330810832E2
8.791666667E0,-2.389699657E-1,-2.588848758E-1,3.523180714E-1,-1.327093076E2
8.800000000E0,-2.367786029E-1,-2.608395416E-1,3.522802482E-1,-1.322317782E2
8.808333333E0,-2.334214015E-1,-2.623044092E-1,3.511255527E-1,-1.316654840E2
8.816666667E0,-2.300907441E-1,-2.634498599E-1,3.497821882E-1,-1.311331778E2
8.825000000E0,-2.271237116E-1,-2.655184090E-1,3.494069345E-1,-1.305435880E2
8.833333333E0,-2.232605074E-1,-2.666142674E-1,3.477476409E-1,-1.299425182E2
8.841666667E0,-2.195339532E-1,-2.687723669E-1,3.470356492E-1,-1.292420372E2
8.850000000E0,-2.149921529E-1,-2.703485266E-1,3.454127265E-1,-1.284931489E2
8.858333333E0,-2.107758130E-1,-2.728487724E-1,3.447794889E-1,-1.276861041E2
8.866666667E0,-2.053896492E-1,-2.747037311E-1,3.429971544E-1,-1.267846182E2
8.875000000E0,-1.999459288E-1,-2.768754085E-1,3.415235955E-1,-1.258349813E2
8.883333333E0,-1.946031966E-1,-2.800425423E-1,3.410193977E-1,-1.247956623E2
8.891666667E0,-1.884434366E-1,-2.815018322E-1,3.387539082E-1,-1.237992108E2
8.900000000E0,-1.821576095E-1,-2.831858406E-1,3.367129564E-1,-1.227509096E2
8.908333333E0,-1.761715563E-1,-2.856537307E-1,3.356105945E-1,-1.216634281E2
8.916666667E0,-1.701313602E-1,-2.878636403E-1,3.343802553E-1,-1.205836699E2
8.925000000E0,-1.631142555E-1,-2.901885362E-1,3.328898419E-1,-1.193402327E2
8.933333333E0,-1.561500470E-1,-2.921331674E-1,3.312470750E-1,-1.181252465E2
8.941666667E0,-1.490005722E-1,-2.939599414E-1,3.295658017E-1,-1.168792527E2
8.950000000E0,-1.418781952E-1,-2.954626214E-1,3.277614726E-1,-1.156498527E2
8.958333333E0,-1.335458535E-1,-2.964354159E-1,3.251283605E-1,-1.142518374E2
8.966666667E0,-1.256648348E-1,-2.980111875E-1,3.234228170E-1,-1.128640946E2
8.975000000E0,-1.185354224E-1,-2.983651230E-1,3.210488950E-1,-1.116670885E2
8.983333333E0,-1.101050710E-1,-2.997055425E-1,3.192906808E-1,-1.101721959E2
