massa
t,x,y,r,θ
0.000000000E0,-2.141284032E-1,-2.514834374E-1,3.302951594E-1,-1.304131075E2
8.333333333E-3,-2.134859359E-1,-2.519827166E-1,3.302597982E-1,-1.302720888E2
1.666666667E-2,-2.123789425E-1,-2.527008538E-1,3.300947390E-1,-1.300449089E2
2.500000000E-2,-2.121391853E-1,-2.532471006E-1,3.303590893E-1,-1.299521225E2
3.333333333E-2,-2.113492531E-1,-2.544778503E-1,3.307982513E-1,-1.297103507E2
4.166666667E-2,-2.087493583E-1,-2.550476849E-1,3.295840048E-1,-1.292993606E2
5.000000000E-2,-2.044116699E-1,-2.567276271E-1,3.281664293E-1,-1.285275046E2
5.833333333E-2,-2.020885993E-1,-2.573982519E-1,3.272516800E-1,-1.281361790E2
6.666666667E-2,-1.993529291E-1,-2.603012570E-1,3.278693867E-1,-1.274468662E2
7.500000000E-2,-1.968369889E-1,-2.603952320E-1,3.264207056E-1,-1.270862272E2
8.333333333E-2,-1.942089925E-1,-2.614281461E-1,3.256713195E-1,-1.266078130E2
9.166666667E-2,-1.907859003E-1,-2.633574571E-1,3.252021063E-1,-1.259209644E2
1.000000000E-1,-1.868107730E-1,-2.647849780E-1,3.240514611E-1,-1.252036868E2
1.083333333E-1,-1.828808057E-1,-2.661494478E-1,3.229255605E-1,-1.244943497E2
1.166666667E-1,-1.786864212E-1,-2.679092246E-1,3.220313490E-1,-1.237019508E2
1.250000000E-1,-1.743542253E-1,-2.699804418E-1,3.213858037E-1,-1.228545024E2
1.333333333E-1,-1.691603431E-1,-2.719244279E-1,3.202469612E-1,-1.218851593E2
1.416666667E-1,-1.635620338E-1,-2.746825046E-1,3.196920662E-1,-1.207720434E2
1.500000000E-1,-1.565831085E-1,-2.755023546E-1,3.168908602E-1,-1.196119461E2
1.583333333E-1,-1.523490411E-1,-2.764676611E-1,3.156653259E-1,-1.188572060E2
1.666666667E-1,-1.461913181E-1,-2.777585947E-1,3.138817268E-1,-1.177589580E2
1.750000000E-1,-1.400904325E-1,-2.804853045E-1,3.135240586E-1,-1.165401702E2
1.833333333E-1,-1.342561255E-1,-2.814724168E-1,3.118516132E-1,-1.155001110E2
1.916666667E-1,-1.276107404E-1,-2.818343681E-1,3.093785902E-1,-1.143603662E2
2.000000000E-1,-1.208720672E-1,-2.832268597E-1,3.079407584E-1,-1.131112225E2
2.083333333E-1,-1.142342147E-1,-2.832850878E-1,3.054503180E-1,-1.119616699E2
2.166666667E-1,-1.075054506E-1,-2.841972509E-1,3.038511138E-1,-1.107205071E2
2.250000000E-1,-1.015145925E-1,-2.844945839E-1,3.020635376E-1,-1.096376372E2
2.333333333E-1,-9.566263912E-2,-2.850463884E-1,3.006705573E-1,-1.085519461E2
2.416666667E-1,-8.838375755E-2,-2.857957211E-1,2.991502679E-1,-1.071844854E2
2.500000000E-1,-7.998553261E-2,-2.853642353E-1,2.963619953E-1,-1.056578004E2
2.583333333E-1,-7.298268332E-2,-2.851818623E-1,2.943724964E-1,-1.043548351E2
2.666666667E-1,-6.669978697E-2,-2.853264561E-1,2.930188529E-1,-1.031575610E2
2.750000000E-1,-6.069970050E-2,-2.851278381E-1,2.915173026E-1,-1.020180536E2
2.833333333E-1,-5.365179279E-2,-2.844473719E-1,2.894629894E-1,-1.006815041E2
2.916666667E-1,-4.686749636E-2,-2.833786085E-1,2.872281288E-1,-9.939104009E1
3.000000000E-1,-3.956632986E-2,-2.847104105E-1,2.874465381E-1,-9.791174653E1
3.083333333E-1,-3.165890990E-2,-2.828044012E-1,2.845709330E-1,-9.638745734E1
3.166666667E-1,-2.746131766E-2,-2.806811409E-1,2.820213234E-1,-9.558792738E1
3.250000000E-1,-2.104917641E-2,-2.798160324E-1,2.806066282E-1,-9.430197568E1
3.333333333E-1,-1.555166984E-2,-2.778965879E-1,2.783313996E-1,-9.320304981E1
3.416666667E-1,-8.935746422E-3,-2.768046409E-1,2.769488342E-1,-9.184896763E1
3.500000000E-1,-3.924108660E-3,-2.747360524E-1,2.747640754E-1,-9.081831116E1
3.583333333E-1,1.836175288E-3,-2.739096334E-1,2.739157878E-1,-8.961591888E1
3.666666667E-1,7.308339672E-3,-2.722580090E-1,2.723560818E-1,-8.846235383E1
3.750000000E-1,1.213241822E-2,-2.711309574E-1,2.714022690E-1,-8.743786930E1
3.833333333E-1,1.679174934E-2,-2.692943595E-1,2.698173732E-1,-8.643196255E1
3.916666667E-1,2.134909900E-2,-2.673908412E-1,2.682417678E-1,-8.543505710E1
4.000000000E-1,2.526188745E-2,-2.660453416E-1,2.672420004E-1,-8.457583837E1
4.083333333E-1,2.908545821E-2,-2.649665222E-1,2.665581021E-1,-8.373570457E1
4.166666667E-1,3.276369152E-2,-2.626955155E-1,2.647307941E-1,-8.289071431E1
4.250000000E-1,3.607944725E-2,-2.607197775E-1,2.632043482E-1,-8.212121945E1
4.333333333E-1,3.829702682E-2,-2.593602591E-1,2.621724743E-1,-8.160042464E1
4.416666667E-1,4.188348909E-2,-2.572395301E-1,2.606269413E-1,-8.075230621E1
4.500000000E-1,4.422719351E-2,-2.560208537E-1,2.598128599E-1,-8.019897576E1
4.583333333E-1,4.613781221E-2,-2.564334754E-1,2.605510027E-1,-7.980040094E1
4.666666667E-1,4.811750483E-2,-2.544204713E-1,2.589306287E-1,-7.929037700E1
4.750000000E-1,4.925533250E-2,-2.537282991E-1,2.584649639E-1,-7.901402519E1
4.833333333E-1,5.051128546E-2,-2.523191405E-1,2.573253556E-1,-7.867970592E1
4.916666667E-1,5.145967114E-2,-2.523651547E-1,2.575582828E-1,-7.847484374E1
5.000000000E-1,5.162422035E-2,-2.524253989E-1,2.576502321E-1,-7.844166609E1
5.083333333E-1,5.224523450E-2,-2.523325659E-1,2.576844744E-1,-7.830224866E1
5.166666667E-1,5.214172150E-2,-2.529057976E-1,2.582249050E-1,-7.835052717E1
5.250000000E-1,5.204721032E-2,-2.526924145E-1,2.579968381E-1,-7.836151505E1
5.333333333E-1,5.173982408E-2,-2.527209952E-1,2.579630028E-1,-7.842966509E1
5.416666667E-1,5.028835988E-2,-2.527143087E-1,2.576692472E-1,-7.874556004E1
5.500000000E-1,5.011735561E-2,-2.525888631E-1,2.575128795E-1,-7.877742895E1
5.583333333E-1,4.799800155E-2,-2.543070994E-1,2.587970421E-1,-7.931170899E1
5.666666667E-1,4.624899671E-2,-2.558401808E-1,2.599868609E-1,-7.975313244E1
5.750000000E-1,4.418199369E-2,-2.570067751E-1,2.607767839E-1,-8.024563614E1
5.833333333E-1,4.176944477E-2,-2.579164077E-1,2.612767878E-1,-8.080084381E1
5.916666667E-1,3.847921723E-2,-2.585916232E-1,2.614388604E-1,-8.153631831E1
6.000000000E-1,3.547695669E-2,-2.605047868E-1,2.629094110E-1,-8.224485823E1
6.083333333E-1,3.187067673E-2,-2.621688479E-1,2.640989301E-1,-8.306882201E1
6.166666667E-1,2.818273564E-2,-2.636981726E-1,2.651999110E-1,-8.389967118E1
6.250000000E-1,2.465172970E-2,-2.658643751E-1,2.670048196E-1,-8.470251333E1
6.333333333E-1,2.075480570E-2,-2.675326611E-1,2.683365177E-1,-8.556395952E1
6.416666667E-1,1.584302661E-2,-2.696765072E-1,2.701414815E-1,-8.663783688E1
6.500000000E-1,1.088969524E-2,-2.710242286E-1,2.712429132E-1,-8.769910556E1
6.583333333E-1,5.362487721E-3,-2.732081717E-1,2.732607937E-1,-8.887555169E1
6.666666667E-1,-4.426409169E-4,-2.750566014E-1,2.750569575E-1,-9.009220442E1
6.750000000E-1,-4.243378789E-3,-2.773571882E-1,2.773896467E-1,-9.087651858E1
6.833333333E-1,-1.066718821E-2,-2.788137139E-1,2.790176983E-1,-9.219102176E1
6.916666667E-1,-1.600543816E-2,-2.796332609E-1,2.800909399E-1,-9.327587846E1
7.000000000E-1,-2.201251192E-2,-2.800682277E-1,2.809319542E-1,-9.449403547E1
7.083333333E-1,-2.862562841E-2,-2.820425820E-1,2.834915248E-1,-9.579533263E1
7.166666667E-1,-3.360380374E-2,-2.825584439E-1,2.845496263E-1,-9.678215523E1
7.250000000E-1,-4.213401673E-2,-2.834853417E-1,2.865993970E-1,-9.845390129E1
7.333333333E-1,-4.778722871E-2,-2.835299723E-1,2.875288932E-1,-9.956693718E1
7.416666667E-1,-5.528242741E-2,-2.851709022E-1,2.904799308E-1,-1.009711154E2
7.500000000E-1,-6.240785494E-2,-2.864038594E-1,2.931243952E-1,-1.022926883E2
7.583333333E-1,-6.917021929E-2,-2.872558682E-1,2.954665007E-1,-1.035388783E2
7.666666667E-1,-7.695023214E-2,-2.855301187E-1,2.957174105E-1,-1.050828452E2
7.750000000E-1,-8.318630273E-2,-2.864678865E-1,2.983015436E-1,-1.061925646E2
7.833333333E-1,-8.961065430E-2,-2.868409404E-1,3.005125529E-1,-1.073490857E2
7.916666667E-1,-9.705497537E-2,-2.859110348E-1,3.019350726E-1,-1.087502259E2
8.000000000E-1,-1.030696828E-1,-2.868876240E-1,3.048407261E-1,-1.097617638E2
8.083333333E-1,-1.089863143E-1,-2.850220583E-1,3.051484727E-1,-1.109257806E2
8.166666667E-1,-1.163906592E-1,-2.849097040E-1,3.077666730E-1,-1.122208843E2
8.250000000E-1,-1.241818125E-1,-2.836699078E-1,3.096606838E-1,-1.136422994E2
8.333333333E-1,-1.315723844E-1,-2.828558464E-1,3.119594880E-1,-1.149458246E2
8.416666667E-1,-1.378805723E-1,-2.813643524E-1,3.133320140E-1,-1.161068310E2
8.500000000E-1,-1.433045030E-1,-2.796301144E-1,3.142120008E-1,-1.171341772E2
8.583333333E-1,-1.504470103E-1,-2.786025806E-1,3.166286481E-1,-1.183693037E2
8.666666667E-1,-1.569179313E-1,-2.769359065E-1,3.183028958E-1,-1.195368379E2
8.750000000E-1,-1.618413839E-1,-2.752985200E-1,3.193460641E-1,-1.204502472E2
8.833333333E-1,-1.674231018E-1,-2.735254430E-1,3.206971515E-1,-1.214705228E2
8.916666667E-1,-1.718535098E-1,-2.721289340E-1,3.218505640E-1,-1.222730260E2
9.000000000E-1,-1.765881722E-1,-2.703536807E-1,3.229156162E-1,-1.231515516E2
9.083333333E-1,-1.806861082E-1,-2.684117888E-1,3.235619849E-1,-1.239471607E2
9.166666667E-1,-1.846659639E-1,-2.652614611E-1,3.232107068E-1,-1.248443169E2
9.250000000E-1,-1.877183522E-1,-2.657085723E-1,3.253294102E-1,-1.252405219E2
9.333333333E-1,-1.916465153E-1,-2.634359228E-1,3.257711961E-1,-1.260354459E2
9.416666667E-1,-1.959421551E-1,-2.628715323E-1,3.278639514E-1,-1.267005259E2
9.500000000E-1,-1.985599590E-1,-2.610875649E-1,3.280133745E-1,-1.272533872E2
9.583333333E-1,-2.017055716E-1,-2.597251379E-1,3.288499428E-1,-1.278333302E2
9.666666667E-1,-2.043894881E-1,-2.587687757E-1,3.297519403E-1,-1.283035757E2
9.750000000E-1,-2.072118890E-1,-2.578598604E-1,3.307997499E-1,-1.287847789E2
9.833333333E-1,-2.089418343E-1,-2.579184596E-1,3.319316525E-1,-1.290112124E2
9.916666667E-1,-2.099718642E-1,-2.559865410E-1,3.310850237E-1,-1.293601698E2
1.000000000E0,-2.120276018E-1,-2.548584987E-1,3.315245968E-1,-1.297585075E2
1.008333333E0,-2.131335462E-1,-2.544608267E-1,3.319280356E-1,-1.299491652E2
1.016666667E0,-2.141245884E-1,-2.535758507E-1,3.318886130E-1,-1.301784254E2
1.025000000E0,-2.151374613E-1,-2.529480069E-1,3.320644838E-1,-1.303818451E2
1.033333333E0,-2.154986712E-1,-2.530262075E-1,3.323581486E-1,-1.304205444E2
1.041666667E0,-2.150158951E-1,-2.528676484E-1,3.319245136E-1,-1.303748472E2
1.050000000E0,-2.154655976E-1,-2.525167756E-1,3.319490107E-1,-1.304732116E2
1.058333333E0,-2.155100801E-1,-2.528362806E-1,3.322209798E-1,-1.304432807E2
1.066666667E0,-2.150051795E-1,-2.530987824E-1,3.320936929E-1,-1.303476069E2
1.075000000E0,-2.139597699E-1,-2.531917843E-1,3.314888577E-1,-1.301994882E2
1.083333333E0,-2.131844479E-1,-2.544330569E-1,3.319394361E-1,-1.299589786E2
1.091666667E0,-2.118778491E-1,-2.552482614E-1,3.317286509E-1,-1.296955694E2
1.100000000E0,-2.096461638E-1,-2.561381928E-1,3.309959030E-1,-1.292999306E2
1.108333333E0,-2.082208683E-1,-2.575232080E-1,3.311708512E-1,-1.289573360E2
1.116666667E0,-2.057386148E-1,-2.579415950E-1,3.299427890E-1,-1.285764597E2
1.125000000E0,-2.034770021E-1,-2.592987649E-1,3.296039137E-1,-1.281219965E2
1.133333333E0,-1.996251320E-1,-2.612388899E-1,3.287794867E-1,-1.273851756E2
1.141666667E0,-1.967995249E-1,-2.618055864E-1,3.275243778E-1,-1.269322217E2
1.150000000E0,-1.939966758E-1,-2.631002918E-1,3.268890848E-1,-1.264031618E2
1.158333333E0,-1.905435683E-1,-2.649298441E-1,3.263352167E-1,-1.257245471E2
1.166666667E0,-1.864960473E-1,-2.665859161E-1,3.253441659E-1,-1.249755595E2
1.175000000E0,-1.814095392E-1,-2.676369386E-1,3.233248395E-1,-1.241301856E2
1.183333333E0,-1.780871969E-1,-2.693194372E-1,3.228746025E-1,-1.234746293E2
1.191666667E0,-1.729756012E-1,-2.711904519E-1,3.216594780E-1,-1.225312822E2
1.200000000E0,-1.685266698E-1,-2.727659988E-1,3.206283340E-1,-1.217095717E2
1.208333333E0,-1.633039359E-1,-2.748392476E-1,3.196948350E-1,-1.207179272E2
1.216666667E0,-1.581662644E-1,-2.761659192E-1,3.182517590E-1,-1.198007110E2
1.225000000E0,-1.526011764E-1,-2.775274697E-1,3.167153540E-1,-1.188046225E2
1.233333333E0,-1.454075393E-1,-2.792653555E-1,3.148531265E-1,-1.175050356E2
1.241666667E0,-1.394895620E-1,-2.800461517E-1,3.128628853E-1,-1.164776616E2
1.250000000E0,-1.328060424E-1,-2.805039459E-1,3.103544885E-1,-1.153354567E2
1.258333333E0,-1.268375744E-1,-2.825972296E-1,3.097562985E-1,-1.141718825E2
1.266666667E0,-1.205503268E-1,-2.835074300E-1,3.080727903E-1,-1.130357052E2
1.275000000E0,-1.138153819E-1,-2.844438583E-1,3.063694660E-1,-1.118079798E2
1.283333333E0,-1.069562948E-1,-2.856044082E-1,3.049746333E-1,-1.105304754E2
1.291666667E0,-1.002267271E-1,-2.856686449E-1,3.027407662E-1,-1.093334004E2
1.300000000E0,-9.376920274E-2,-2.865616287E-1,3.015132342E-1,-1.081192229E2
1.308333333E0,-8.637817075E-2,-2.873969122E-1,3.000969402E-1,-1.067283387E2
1.316666667E0,-7.954237185E-2,-2.875828763E-1,2.983804613E-1,-1.054608794E2
1.325000000E0,-7.242144225E-2,-2.872762760E-1,2.962642808E-1,-1.041492607E2
1.333333333E0,-6.575878962E-2,-2.862240647E-1,2.936808363E-1,-1.029389334E2
1.341666667E0,-5.892568619E-2,-2.853469000E-1,2.913676197E-1,-1.016678781E2
1.350000000E0,-5.211832059E-2,-2.848314996E-1,2.895605334E-1,-1.003692417E2
1.358333333E0,-4.533725135E-2,-2.847512211E-1,2.883378648E-1,-9.904653198E1
1.366666667E0,-3.898407878E-2,-2.844188630E-1,2.870781218E-1,-9.780465487E1
1.375000000E0,-3.270948438E-2,-2.827664036E-1,2.846519794E-1,-9.659845943E1
1.383333333E0,-2.642540985E-2,-2.826579833E-1,2.838905384E-1,-9.534100030E1
1.391666667E0,-1.946560233E-2,-2.810008687E-1,2.816742762E-1,-9.396268526E1
1.400000000E0,-1.269131281E-2,-2.806437839E-1,2.809306015E-1,-9.258927373E1
1.408333333E0,-7.436155320E-3,-2.784620126E-1,2.785612839E-1,-9.152968470E1
1.416666667E0,-1.784896231E-3,-2.763965839E-1,2.764023470E-1,-9.036999589E1
1.425000000E0,3.285808677E-3,-2.740888478E-1,2.741085424E-1,-8.931316450E1
1.433333333E0,8.049628618E-3,-2.724783946E-1,2.725972708E-1,-8.830784513E1
1.441666667E0,1.262943514E-2,-2.704761258E-1,2.707708205E-1,-8.732661016E1
1.450000000E0,1.699157567E-2,-2.685682865E-1,2.691052548E-1,-8.637987886E1
1.458333333E0,2.179579285E-2,-2.662644514E-1,2.671550386E-1,-8.532033356E1
1.466666667E0,2.586625370E-2,-2.655025421E-1,2.667595601E-1,-8.443559053E1
1.475000000E0,2.950087025E-2,-2.641486401E-1,2.657909055E-1,-8.362745213E1
1.483333333E0,3.274198918E-2,-2.627143486E-1,2.647467975E-1,-8.289587939E1
1.491666667E0,3.592819467E-2,-2.610876002E-1,2.635480414E-1,-8.216475307E1
1.500000000E0,3.884466188E-2,-2.598441604E-1,2.627316034E-1,-8.149769395E1
1.508333333E0,4.123997319E-2,-2.590540230E-1,2.623160731E-1,-8.095472902E1
1.516666667E0,4.328376875E-2,-2.571140573E-1,2.607318989E-1,-8.044416194E1
1.525000000E0,4.550028911E-2,-2.562931038E-1,2.603006557E-1,-7.993303980E1
1.533333333E0,4.716865413E-2,-2.551924978E-1,2.595151110E-1,-7.952789077E1
1.541666667E0,4.835684960E-2,-2.545678336E-1,2.591199853E-1,-7.924443087E1
1.550000000E0,5.109491652E-2,-2.548323368E-1,2.599042331E-1,-7.866230085E1
1.558333333E0,4.968415537E-2,-2.526812277E-1,2.575195490E-1,-7.887596867E1
1.566666667E0,5.143038433E-2,-2.520099748E-1,2.572044165E-1,-7.846542797E1
1.575000000E0,5.068670407E-2,-2.526674753E-1,2.577013680E-1,-7.865666544E1
1.583333333E0,5.055943169E-2,-2.527022252E-1,2.577104397E-1,-7.868592827E1
1.591666667E0,5.011499231E-2,-2.530254202E-1,2.579406438E-1,-7.879681652E1
1.600000000E0,4.980461827E-2,-2.536800247E-1,2.585228325E-1,-7.889248033E1
1.608333333E0,4.854618424E-2,-2.547774726E-1,2.593613166E-1,-7.921198219E1
1.616666667E0,4.733118073E-2,-2.558179491E-1,2.601596890E-1,-7.951772935E1
1.625000000E0,4.520763217E-2,-2.561884041E-1,2.601465517E-1,-7.999247268E1
1.633333333E0,4.336984222E-2,-2.571778712E-1,2.608091269E-1,-8.042784256E1
1.641666667E0,4.120282255E-2,-2.579608881E-1,2.612307263E-1,-8.092508252E1
1.650000000E0,3.878222022E-2,-2.596154368E-1,2.624961631E-1,-8.150379223E1
1.658333333E0,3.579399400E-2,-2.606455457E-1,2.630918290E-1,-8.218058224E1
1.666666667E0,3.260427009E-2,-2.620169601E-1,2.640377356E-1,-8.290681911E1
1.675000000E0,2.909069611E-2,-2.643707982E-1,2.659665159E-1,-8.372057981E1
1.683333333E0,2.520576811E-2,-2.652228206E-1,2.664178585E-1,-8.457113215E1
1.691666667E0,2.154699147E-2,-2.669375657E-1,2.678057819E-1,-8.538513501E1
1.700000000E0,1.734458051E-2,-2.694625382E-1,2.700201732E-1,-8.631710508E1
1.708333333E0,1.263354843E-2,-2.713495073E-1,2.716434458E-1,-8.733433582E1
1.716666667E0,7.676935315E-3,-2.736261038E-1,2.737337758E-1,-8.839291416E1
1.725000000E0,2.762666381E-3,-2.752986093E-1,2.753124709E-1,-8.942504682E1
1.733333333E0,-2.562640560E-3,-2.764576491E-1,2.764695261E-1,-9.053109141E1
1.741666667E0,-8.219874526E-3,-2.779775005E-1,2.780990060E-1,-9.169375910E1
1.750000000E0,-1.357692115E-2,-2.796231371E-1,2.799525524E-1,-9.277977654E1
1.758333333E0,-2.008787569E-2,-2.797836641E-1,2.805038707E-1,-9.410666900E1
1.766666667E0,-2.597044899E-2,-2.823711343E-1,2.835629061E-1,-9.525486658E1
1.775000000E0,-3.214475335E-2,-2.819109798E-1,2.837377058E-1,-9.650502676E1
1.783333333E0,-3.894935172E-2,-2.836809604E-1,2.863423463E-1,-9.781782093E1
1.791666667E0,-4.494161556E-2,-2.844455528E-1,2.879739941E-1,-9.897835731E1
1.800000000E0,-5.146761980E-2,-2.859975627E-1,2.905916753E-1,-1.002016565E2
1.808333333E0,-5.891716697E-2,-2.871544816E-1,2.931363656E-1,-1.015947954E2
1.816666667E0,-6.556089038E-2,-2.871695074E-1,2.945582393E-1,-1.028602385E2
1.825000000E0,-7.234536959E-2,-2.873935817E-1,2.963594494E-1,-1.041294558E2
1.833333333E0,-7.871456849E-2,-2.872610776E-1,2.978504826E-1,-1.053239040E2
1.841666667E0,-8.643731733E-2,-2.878774849E-1,3.005742107E-1,-1.067127684E2
1.850000000E0,-9.335283722E-2,-2.869905078E-1,3.017918219E-1,-1.080187726E2
1.858333333E0,-9.924357228E-2,-2.867277329E-1,3.034173355E-1,-1.090920046E2
1.866666667E0,-1.060609076E-1,-2.859361506E-1,3.049727830E-1,-1.103510836E2
1.875000000E0,-1.127861996E-1,-2.853020187E-1,3.067865197E-1,-1.115699835E2
1.883333333E0,-1.198584771E-1,-2.849118601E-1,3.090967851E-1,-1.128158166E2
1.891666667E0,-1.268545674E-1,-2.839692498E-1,3.110154596E-1,-1.140712412E2
1.900000000E0,-1.331687814E-1,-2.831014492E-1,3.128583623E-1,-1.151919386E2
1.908333333E0,-1.393880749E-1,-2.818467076E-1,3.144305997E-1,-1.163148257E2
1.916666667E0,-1.437457376E-1,-2.810923448E-1,3.157146550E-1,-1.170844127E2
1.925000000E0,-1.504662192E-1,-2.795504414E-1,3.174720970E-1,-1.182910720E2
1.933333333E0,-1.561608369E-1,-2.782525419E-1,3.190778652E-1,-1.193020033E2
1.941666667E0,-1.614369797E-1,-2.761615362E-1,3.198860618E-1,-1.203094655E2
1.950000000E0,-1.663803691E-1,-2.742261835E-1,3.207529063E-1,-1.212463099E2
1.958333333E0,-1.722742111E-1,-2.720840739E-1,3.220374933E-1,-1.223405741E2
1.966666667E0,-1.773317503E-1,-2.703117634E-1,3.232877960E-1,-1.232659467E2
1.975000000E0,-1.820957671E-1,-2.690081860E-1,3.248449977E-1,-1.240946739E2
1.983333333E0,-1.866270695E-1,-2.668702948E-1,3.256522951E-1,-1.249657675E2
1.991666667E0,-1.899895157E-1,-2.655867184E-1,3.265460474E-1,-1.255783290E2
2.000000000E0,-1.946580764E-1,-2.635839092E-1,3.276709384E-1,-1.264460590E2
2.008333333E0,-1.984354004E-1,-2.619302294E-1,3.286092713E-1,-1.271471604E2
2.016666667E0,-2.007378088E-1,-2.606635092E-1,3.290002020E-1,-1.275999839E2
2.025000000E0,-2.034910118E-1,-2.590814436E-1,3.294416280E-1,-1.281472463E2
2.033333333E0,-2.059554046E-1,-2.581894117E-1,3.302717078E-1,-1.285790538E2
2.041666667E0,-2.082324873E-1,-2.567286965E-1,3.305607241E-1,-1.290454872E2
2.050000000E0,-2.110863595E-1,-2.567452264E-1,3.323786432E-1,-1.294257688E2
2.058333333E0,-2.129916051E-1,-2.560496010E-1,3.330567850E-1,-1.297549466E2
2.066666667E0,-2.142670196E-1,-2.545206537E-1,3.327027485E-1,-1.300921921E2
2.075000000E0,-2.154720506E-1,-2.537713610E-1,3.329085584E-1,-1.303339027E2
2.083333333E0,-2.163863128E-1,-2.529617613E-1,3.328853993E-1,-1.305440488E2
2.091666667E0,-2.170288902E-1,-2.524743608E-1,3.329336902E-1,-1.306826058E2
2.100000000E0,-2.175393141E-1,-2.525258193E-1,3.333056294E-1,-1.307433776E2
2.108333333E0,-2.175145422E-1,-2.527701575E-1,3.334746296E-1,-1.307127533E2
2.116666667E0,-2.172737909E-1,-2.524517708E-1,3.330762627E-1,-1.307170858E2
2.125000000E0,-2.173603994E-1,-2.531921596E-1,3.336941907E-1,-1.306454297E2
2.133333333E0,-2.163755178E-1,-2.536748296E-1,3.334205811E-1,-1.304629871E2
2.141666667E0,-2.152277051E-1,-2.545699769E-1,3.333599229E-1,-1.302130483E2
2.150000000E0,-2.134055922E-1,-2.555084391E-1,3.329061568E-1,-1.298692855E2
2.158333333E0,-2.117647826E-1,-2.560659850E-1,3.322861896E-1,-1.295905108E2
2.166666667E0,-2.098431850E-1,-2.562980515E-1,3.312444014E-1,-1.293087888E2
2.175000000E0,-2.075934832E-1,-2.575817604E-1,3.308223353E-1,-1.288664659E2
2.183333333E0,-2.047227981E-1,-2.597305869E-1,3.307134739E-1,-1.282456072E2
2.191666667E0,-2.019825663E-1,-2.608277664E-1,3.298910136E-1,-1.277538633E2
2.200000000E0,-1.983342238E-1,-2.614870867E-1,3.281950043E-1,-1.271797981E2
2.208333333E0,-1.957807103E-1,-2.624609960E-1,3.274383315E-1,-1.267208078E2
2.216666667E0,-1.923088074E-1,-2.643443477E-1,3.268954138E-1,-1.260356477E2
2.225000000E0,-1.887431456E-1,-2.653847875E-1,3.256578886E-1,-1.254206505E2
2.233333333E0,-1.844161740E-1,-2.671943706E-1,3.246569835E-1,-1.246132374E2
2.241666667E0,-1.799191406E-1,-2.689070450E-1,3.235458175E-1,-1.237855145E2
2.250000000E0,-1.758353711E-1,-2.713593731E-1,3.233480897E-1,-1.229424192E2
2.258333333E0,-1.707188460E-1,-2.728687227E-1,3.218730560E-1,-1.220319345E2
2.266666667E0,-1.651261796E-1,-2.745566713E-1,3.203872984E-1,-1.210238960E2
2.275000000E0,-1.598747858E-1,-2.755519428E-1,3.185731004E-1,-1.201222368E2
2.283333333E0,-1.538716757E-1,-2.770080403E-1,3.168752861E-1,-1.190511773E2
2.291666667E0,-1.477411219E-1,-2.789030578E-1,3.156174183E-1,-1.179111589E2
2.300000000E0,-1.431027699E-1,-2.801849417E-1,3.146140561E-1,-1.170553992E2
2.308333333E0,-1.369298342E-1,-2.811407697E-1,3.127137859E-1,-1.159684343E2
2.316666667E0,-1.301494256E-1,-2.823005431E-1,3.108576356E-1,-1.147511872E2
2.325000000E0,-1.238306648E-1,-2.832636645E-1,3.091477595E-1,-1.136128756E2
2.333333333E0,-1.167786699E-1,-2.844507352E-1,3.074889892E-1,-1.123201571E2
2.341666667E0,-1.106633857E-1,-2.858577769E-1,3.065306731E-1,-1.111627872E2
2.350000000E0,-1.040527563E-1,-2.863549647E-1,3.046738287E-1,-1.099696179E2
2.358333333E0,-9.672180125E-2,-2.864778433E-1,3.023651130E-1,-1.086559177E2
2.366666667E0,-9.032507105E-2,-2.863617691E-1,3.002693479E-1,-1.075064699E2
2.375000000E0,-8.364572291E-2,-2.866282050E-1,2.985838824E-1,-1.062686473E2
2.383333333E0,-7.681976264E-2,-2.863986038E-1,2.965222356E-1,-1.050148358E2
2.391666667E0,-6.977922100E-2,-2.860444105E-1,2.944325805E-1,-1.037092848E2
2.400000000E0,-6.305419860E-2,-2.860184815E-1,2.928863324E-1,-1.024322811E2
2.408333333E0,-5.602831331E-2,-2.863135155E-1,2.917440677E-1,-1.010722170E2
2.416666667E0,-4.965081169E-2,-2.856529079E-1,2.899358324E-1,-9.986036432E1
2.425000000E0,-4.125818924E-2,-2.843897751E-1,2.873669820E-1,-9.825466348E1
2.433333333E0,-3.531815992E-2,-2.837032101E-1,2.858931336E-1,-9.709623277E1
2.441666667E0,-2.899879314E-2,-2.822602119E-1,2.837459378E-1,-9.586586193E1
2.450000000E0,-2.405181863E-2,-2.812132868E-1,2.822399735E-1,-9.488853895E1
2.458333333E0,-1.974982405E-2,-2.813656501E-1,2.820579455E-1,-9.401516175E1
2.466666667E0,-1.153982660E-2,-2.790739385E-1,2.793124250E-1,-9.236785601E1
2.475000000E0,-5.514243735E-3,-2.762511186E-1,2.763061480E-1,-9.114352819E1
2.483333333E0,-1.923039502E-4,-2.746711966E-1,2.746712639E-1,-9.004011415E1
2.491666667E0,5.035727717E-3,-2.730490661E-1,2.730954980E-1,-8.894343810E1
2.500000000E0,9.494378373E-3,-2.702239101E-1,2.703906522E-1,-8.798772756E1
2.508333333E0,1.417773847E-2,-2.697187894E-1,2.700911579E-1,-8.699102295E1
2.516666667E0,1.853677146E-2,-2.683912403E-1,2.690306112E-1,-8.604907064E1
2.525000000E0,2.331649204E-2,-2.667142688E-1,2.677315073E-1,-8.500383378E1
2.533333333E0,2.705899852E-2,-2.654815616E-1,2.668569822E-1,-8.418027023E1
2.541666667E0,3.125760422E-2,-2.639025575E-1,2.657472440E-1,-8.324514442E1
2.550000000E0,3.451224245E-2,-2.625894969E-1,2.648477653E-1,-8.251250885E1
2.558333333E0,3.748842491E-2,-2.611172377E-1,2.637946054E-1,-8.182991285E1
2.566666667E0,3.986263364E-2,-2.590769548E-1,2.621257296E-1,-8.125283519E1
2.575000000E0,4.215266276E-2,-2.574300245E-1,2.608583226E-1,-8.070067637E1
2.583333333E0,4.348089923E-2,-2.558766279E-1,2.595446730E-1,-8.035589982E1
2.591666667E0,4.522630935E-2,-2.549042907E-1,2.588853346E-1,-7.993901503E1
2.600000000E0,4.681324273E-2,-2.539201538E-1,2.581993885E-1,-7.955412757E1
2.608333333E0,4.810380531E-2,-2.533795253E-1,2.579053314E-1,-7.925039301E1
2.616666667E0,4.889987616E-2,-2.529247122E-1,2.576084391E-1,-7.905757472E1
2.625000000E0,4.992199063E-2,-2.527122260E-1,2.575959517E-1,-7.882539230E1
2.633333333E0,5.011173332E-2,-2.526535974E-1,2.575752824E-1,-7.878145815E1
2.641666667E0,5.036393495E-2,-2.526146588E-1,2.575862803E-1,-7.872474693E1
2.650000000E0,5.014917270E-2,-2.527556765E-1,2.576826955E-1,-7.877770837E1
2.658333333E0,5.039715376E-2,-2.532001972E-1,2.581670253E-1,-7.874292509E1
2.666666667E0,4.935737680E-2,-2.538858806E-1,2.586391135E-1,-7.899848631E1
2.675000000E0,4.818169175E-2,-2.552384202E-1,2.597462734E-1,-7.930999392E1
2.683333333E0,4.607981411E-2,-2.550961726E-1,2.592246257E-1,-7.976067673E1
2.691666667E0,4.442351731E-2,-2.563520986E-1,2.601727260E-1,-8.016878957E1
2.700000000E0,4.215875602E-2,-2.566292664E-1,2.600691083E-1,-8.067084435E1
2.708333333E0,3.902020171E-2,-2.581573764E-1,2.610896534E-1,-8.140486704E1
2.716666667E0,3.629028059E-2,-2.597264356E-1,2.622495106E-1,-8.204584269E1
2.725000000E0,3.363862705E-2,-2.612923601E-1,2.634487705E-1,-8.266412483E1
2.733333333E0,3.049043182E-2,-2.628231819E-1,2.645858866E-1,-8.338262910E1
2.741666667E0,2.706895207E-2,-2.647210560E-1,2.661014198E-1,-8.416153419E1
2.750000000E0,2.306178321E-2,-2.672015457E-1,2.681949140E-1,-8.506710764E1
2.758333333E0,1.867302038E-2,-2.686658620E-1,2.693139935E-1,-8.602417856E1
2.766666667E0,1.470582704E-2,-2.699397732E-1,2.703400498E-1,-8.688171278E1
2.775000000E0,1.026846843E-2,-2.719551625E-1,2.721489516E-1,-8.783765623E1
2.783333333E0,5.741248976E-3,-2.732140735E-1,2.732743894E-1,-8.879617867E1
2.791666667E0,6.996912226E-4,-2.746645904E-1,2.746654816E-1,-8.985404283E1
2.800000000E0,-5.413213093E-3,-2.760302568E-1,2.760833308E-1,-9.112348014E1
2.808333333E0,-1.086922455E-2,-2.784482602E-1,2.786603195E-1,-9.223540515E1
2.816666667E0,-1.628836939E-2,-2.789881495E-1,2.794632329E-1,-9.334134838E1
2.825000000E0,-2.161948293E-2,-2.798569045E-1,2.806907356E-1,-9.441743532E1
2.833333333E0,-2.796472292E-2,-2.818309748E-1,2.832149786E-1,-9.566663414E1
2.841666667E0,-3.417513593E-2,-2.826369764E-1,2.846956275E-1,-9.689446640E1
2.850000000E0,-4.127318771E-2,-2.850593273E-1,2.880317623E-1,-9.823849380E1
2.858333333E0,-4.695007056E-2,-2.851471600E-1,2.889865256E-1,-9.934997752E1
2.866666667E0,-5.335470840E-2,-2.854735302E-1,2.904167029E-1,-1.005863846E2
2.875000000E0,-6.163539137E-2,-2.863493510E-1,2.929076173E-1,-1.021473207E2
2.883333333E0,-6.781982833E-2,-2.868430853E-1,2.947515643E-1,-1.033024585E2
2.891666667E0,-7.508667872E-2,-2.867618062E-1,2.964293218E-1,-1.046731016E2
2.900000000E0,-8.213912186E-2,-2.866802229E-1,2.982153342E-1,-1.059879752E2
2.908333333E0,-8.895506627E-2,-2.860148229E-1,2.995287677E-1,-1.072765078E2
2.916666667E0,-9.564900029E-2,-2.860125456E-1,3.015823395E-1,-1.084910892E2
2.925000000E0,-1.032052087E-1,-2.848387050E-1,3.029594081E-1,-1.099169002E2
2.933333333E0,-1.094690917E-1,-2.844944355E-1,3.048287484E-1,-1.110459590E2
2.941666667E0,-1.168722156E-1,-2.849901708E-1,3.080235579E-1,-1.122981462E2
2.950000000E0,-1.235495356E-1,-2.834129297E-1,3.091720823E-1,-1.135540587E2
2.958333333E0,-1.288408150E-1,-2.837006742E-1,3.115863093E-1,-1.144248648E2
2.966666667E0,-1.343304670E-1,-2.818875999E-1,3.122583759E-1,-1.154796260E2
2.975000000E0,-1.407393012E-1,-2.800485341E-1,3.134242051E-1,-1.166819640E2
2.983333333E0,-1.464177434E-1,-2.796729107E-1,3.156819484E-1,-1.176335006E2
2.991666667E0,-1.521011913E-1,-2.782625454E-1,3.171195619E-1,-1.186614734E2
3.000000000E0,-1.577827260E-1,-2.764117805E-1,3.182748200E-1,-1.197188005E2
3.008333333E0,-1.627962667E-1,-2.747743505E-1,3.193799746E-1,-1.206455783E2
3.016666667E0,-1.679837878E-1,-2.735639466E-1,3.210230300E-1,-1.215522862E2
3.025000000E0,-1.728477464E-1,-2.723000384E-1,3.225269823E-1,-1.224061328E2
3.033333333E0,-1.777628303E-1,-2.704362752E-1,3.236284950E-1,-1.233176681E2
3.041666667E0,-1.818409467E-1,-2.691896905E-1,3.248526117E-1,-1.240395101E2
3.050000000E0,-1.875597425E-1,-2.671964637E-1,3.264546020E-1,-1.250671061E2
3.058333333E0,-1.897664016E-1,-2.669757304E-1,3.275474436E-1,-1.254052223E2
3.066666667E0,-1.935894679E-1,-2.647405615E-1,3.279701922E-1,-1.261758465E2
3.075000000E0,-1.970245194E-1,-2.636661153E-1,3.291481150E-1,-1.267689260E2
3.083333333E0,-2.003816867E-1,-2.626711743E-1,3.303770061E-1,-1.273386102E2
3.091666667E0,-2.031882786E-1,-2.615241063E-1,3.311802149E-1,-1.278450275E2
3.100000000E0,-2.067954192E-1,-2.597593133E-1,3.320229604E-1,-1.285234357E2
3.108333333E0,-2.087250167E-1,-2.584593741E-1,3.322158645E-1,-1.289234338E2
3.116666667E0,-2.102135263E-1,-2.581778031E-1,3.329346852E-1,-1.291531695E2
3.125000000E0,-2.116256844E-1,-2.569110240E-1,3.328493722E-1,-1.294793562E2
3.133333333E0,-2.129461008E-1,-2.563194960E-1,3.332352410E-1,-1.297192553E2
3.141666667E0,-2.147277694E-1,-2.557915144E-1,3.339720254E-1,-1.300122490E2
3.150000000E0,-2.160219515E-1,-2.553337021E-1,3.344559507E-1,-1.302324818E2
3.158333333E0,-2.160540620E-1,-2.554080222E-1,3.345334296E-1,-1.302284589E2
3.166666667E0,-2.162444737E-1,-2.554661414E-1,3.347007945E-1,-1.302469193E2
3.175000000E0,-2.161319425E-1,-2.538350868E-1,3.333845645E-1,-1.304132646E2
3.183333333E0,-2.162791508E-1,-2.538061536E-1,3.334579954E-1,-1.304357460E2
3.191666667E0,-2.151867586E-1,-2.547673156E-1,3.334842218E-1,-1.301857860E2
3.200000000E0,-2.142132928E-1,-2.555801897E-1,3.334794870E-1,-1.299678924E2
3.208333333E0,-2.125692417E-1,-2.553246238E-1,3.322293576E-1,-1.297789045E2
3.216666667E0,-2.113499552E-1,-2.561180318E-1,3.320621174E-1,-1.295296294E2
3.225000000E0,-2.098431450E-1,-2.570237242E-1,3.318061788E-1,-1.292294008E2
3.233333333E0,-2.078420033E-1,-2.587049256E-1,3.318531858E-1,-1.287781889E2
3.241666667E0,-2.051388382E-1,-2.601052642E-1,3.312652885E-1,-1.282620048E2
3.250000000E0,-2.020389221E-1,-2.608016454E-1,3.299048716E-1,-1.277643793E2
3.258333333E0,-1.997354624E-1,-2.624694131E-1,3.298248744E-1,-1.272706149E2
3.266666667E0,-1.953879865E-1,-2.641838265E-1,3.285872174E-1,-1.264862969E2
3.275000000E0,-1.931836788E-1,-2.655650731E-1,3.283972317E-1,-1.260337856E2
3.283333333E0,-1.896372745E-1,-2.672662959E-1,3.277095800E-1,-1.253573888E2
3.291666667E0,-1.858187989E-1,-2.687383037E-1,3.267245046E-1,-1.246618766E2
3.300000000E0,-1.820830338E-1,-2.682923665E-1,3.242453162E-1,-1.241637155E2
3.308333333E0,-1.773352808E-1,-2.714064973E-1,3.242056270E-1,-1.231603457E2
3.316666667E0,-1.719443628E-1,-2.729470421E-1,3.225909975E-1,-1.222090833E2
3.325000000E0,-1.671896573E-1,-2.743830999E-1,3.213074338E-1,-1.213551751E2
3.333333333E0,-1.614863397E-1,-2.764023152E-1,3.201188494E-1,-1.202953436E2
3.341666667E0,-1.563877431E-1,-2.772839645E-1,3.183449750E-1,-1.194229336E2
3.350000000E0,-1.502675382E-1,-2.790875531E-1,3.169703382E-1,-1.182991045E2
3.358333333E0,-1.443500558E-1,-2.804727333E-1,3.154392061E-1,-1.172333847E2
3.366666667E0,-1.385261091E-1,-2.814698394E-1,3.137112580E-1,-1.162042243E2
3.375000000E0,-1.317889155E-1,-2.826186725E-1,3.118359060E-1,-1.150002771E2
3.383333333E0,-1.255440994E-1,-2.838266177E-1,3.103528150E-1,-1.138610874E2
3.391666667E0,-1.193544816E-1,-2.846226192E-1,3.086349423E-1,-1.127503958E2
3.400000000E0,-1.128360009E-1,-2.854850605E-1,3.069750525E-1,-1.115660677E2
3.408333333E0,-1.063041283E-1,-2.862751622E-1,3.053752383E-1,-1.103717486E2
3.416666667E0,-9.995304346E-2,-2.866663282E-1,3.035921518E-1,-1.092223260E2
3.425000000E0,-9.270084588E-2,-2.865203989E-1,3.011434638E-1,-1.079284755E2
3.433333333E0,-8.671590408E-2,-2.863122304E-1,2.991560484E-1,-1.068500813E2
3.441666667E0,-7.984105810E-2,-2.866423897E-1,2.975541197E-1,-1.055645887E2
3.450000000E0,-7.307438414E-2,-2.860489200E-1,2.952352456E-1,-1.043303575E2
3.458333333E0,-6.515561775E-2,-2.863854972E-1,2.937037751E-1,-1.028172025E2
3.466666667E0,-5.872659620E-2,-2.861077154E-1,2.920726586E-1,-1.015994459E2
3.475000000E0,-5.185289093E-2,-2.850790695E-1,2.897564462E-1,-1.003088022E2
3.483333333E0,-4.435554291E-2,-2.844747663E-1,2.879119776E-1,-9.886224790E1
3.491666667E0,-3.826564021E-2,-2.842954068E-1,2.868590901E-1,-9.766583523E1
3.500000000E0,-3.205961972E-2,-2.825139474E-1,2.843271877E-1,-9.647421616E1
3.508333333E0,-2.583398413E-2,-2.816288324E-1,2.828112338E-1,-9.524110911E1
3.516666667E0,-2.293063198E-2,-2.812794275E-1,2.822125621E-1,-9.466059483E1
3.525000000E0,-1.389764339E-2,-2.780582208E-1,2.784053136E-1,-9.286132250E1
3.533333333E0,-8.132124751E-3,-2.776953769E-1,2.778144233E-1,-9.167738948E1
3.541666667E0,-1.853578373E-3,-2.764258612E-1,2.764320757E-1,-9.038419208E1
3.550000000E0,2.523026249E-3,-2.739950655E-1,2.740066816E-1,-8.947241871E1
3.558333333E0,7.382798920E-3,-2.723145287E-1,2.724145890E-1,-8.844701776E1
3.566666667E0,1.250632478E-2,-2.711053961E-1,2.713937066E-1,-8.735876898E1
3.575000000E0,1.711349918E-2,-2.692075865E-1,2.697509898E-1,-8.636260752E1
3.583333333E0,2.120348641E-2,-2.672884374E-1,2.681281347E-1,-8.546433246E1
3.591666667E0,2.455446014E-2,-2.654900092E-1,2.666230795E-1,-8.471589911E1
3.600000000E0,2.837675195E-2,-2.635940433E-1,2.651170680E-1,-8.385558728E1
3.608333333E0,3.172147019E-2,-2.621921883E-1,2.641041371E-1,-8.310156595E1
3.616666667E0,3.464885707E-2,-2.604783212E-1,2.627727138E-1,-8.242298980E1
3.625000000E0,3.786335837E-2,-2.592262458E-1,2.619768700E-1,-8.168997158E1
3.633333333E0,4.001415740E-2,-2.581884302E-1,2.612707375E-1,-8.119036124E1
3.641666667E0,4.232437868E-2,-2.566245723E-1,2.600913765E-1,-8.063467412E1
3.650000000E0,4.415856259E-2,-2.560259964E-1,2.598062538E-1,-8.021408328E1
3.658333333E0,4.585863920E-2,-2.548192762E-1,2.589128779E-1,-7.979794951E1
3.666666667E0,4.737753742E-2,-2.545509825E-1,2.589224473E-1,-7.945663598E1
3.675000000E0,4.995467525E-2,-2.535145489E-1,2.583894272E-1,-7.885276078E1
3.683333333E0,4.990380584E-2,-2.528447154E-1,2.577224087E-1,-7.883506669E1
3.691666667E0,5.010840602E-2,-2.527131019E-1,2.576330030E-1,-7.878475856E1
3.700000000E0,5.033831631E-2,-2.526067896E-1,2.575735550E-1,-7.872999341E1
3.708333333E0,5.008543294E-2,-2.525120956E-1,2.574313676E-1,-7.878107276E1
3.716666667E0,5.010761104E-2,-2.528538727E-1,2.577709325E-1,-7.879101758E1
3.725000000E0,4.914492946E-2,-2.528082293E-1,2.575407247E-1,-7.899912915E1
3.733333333E0,4.803983471E-2,-2.536218270E-1,2.581314720E-1,-7.927437428E1
3.741666667E0,4.684948489E-2,-2.545861595E-1,2.588609412E-1,-7.957296558E1
3.750000000E0,4.511004574E-2,-2.558628132E-1,2.598089594E-1,-8.000118832E1
3.758333333E0,4.322736302E-2,-2.562867665E-1,2.599067363E-1,-8.042614820E1
3.766666667E0,4.122347364E-2,-2.575629560E-1,2.608410456E-1,-8.090681648E1
3.775000000E0,3.864427849E-2,-2.587596832E-1,2.616294210E-1,-8.150598120E1
3.783333333E0,3.498501820E-2,-2.604718495E-1,2.628108367E-1,-8.235015665E1
3.791666667E0,3.197852734E-2,-2.617753284E-1,2.637213468E-1,-8.303524441E1
3.800000000E0,3.013932336E-2,-2.642984651E-1,2.660113859E-1,-8.349436807E1
3.808333333E0,2.464478412E-2,-2.644988001E-1,2.656444628E-1,-8.467681145E1
3.816666667E0,2.120964032E-2,-2.668852692E-1,2.677267185E-1,-8.545619649E1
3.825000000E0,1.688264110E-2,-2.686870483E-1,2.692169265E-1,-8.640461238E1
3.833333333E0,1.229833151E-2,-2.700691173E-1,2.703489912E-1,-8.739268216E1
3.841666667E0,7.977001359E-3,-2.714463750E-1,2.715635598E-1,-8.831673195E1
3.850000000E0,3.145220859E-3,-2.735512814E-1,2.735693622E-1,-8.934125719E1
3.858333333E0,-2.098654726E-3,-2.756249923E-1,2.756329819E-1,-9.043625120E1
3.866666667E0,-7.745635283E-3,-2.768203060E-1,2.769286490E-1,-9.160275976E1
3.875000000E0,-1.557094151E-2,-2.788876684E-1,2.793220110E-1,-9.319563769E1
3.883333333E0,-2.125824793E-2,-2.797874757E-1,2.805939141E-1,-9.434498411E1
3.891666667E0,-2.728143426E-2,-2.810928632E-1,2.824136583E-1,-9.554347269E1
3.900000000E0,-3.312542194E-2,-2.812188656E-1,2.831631049E-1,-9.671804576E1
3.908333333E0,-3.875109522E-2,-2.814729175E-1,2.841278773E-1,-9.783877941E1
3.916666667E0,-4.548029818E-2,-2.822618243E-1,2.859024221E-1,-9.915328519E1
3.925000000E0,-5.186948018E-2,-2.848171642E-1,2.895017443E-1,-1.003213083E2
3.933333333E0,-5.804882599E-2,-2.850850252E-1,2.909349374E-1,-1.015091903E2
3.941666667E0,-6.540564982E-2,-2.848603337E-1,2.922726616E-1,-1.029313239E2
3.950000000E0,-7.275975933E-2,-2.858919216E-1,2.950053786E-1,-1.042786998E2
3.958333333E0,-7.944882117E-2,-2.859626486E-1,2.967941232E-1,-1.055268550E2
3.966666667E0,-8.557530345E-2,-2.853905192E-1,2.979444261E-1,-1.066915353E2
3.975000000E0,-9.227839966E-2,-2.853000410E-1,2.998523243E-1,-1.079234557E2
3.983333333E0,-9.876379299E-2,-2.850693465E-1,3.016932534E-1,-1.091089157E2
3.991666667E0,-1.058323508E-1,-2.848947918E-1,3.039169770E-1,-1.103789598E2
4.000000000E0,-1.122249635E-1,-2.846708448E-1,3.059933534E-1,-1.115157031E2
4.008333333E0,-1.183381829E-1,-2.827339566E-1,3.065002703E-1,-1.127117281E2
4.016666667E0,-1.258853518E-1,-2.822263218E-1,3.090288312E-1,-1.140389732E2
4.025000000E0,-1.310155344E-1,-2.810201230E-1,3.100602841E-1,-1.149955952E2
4.033333333E0,-1.373785861E-1,-2.803877082E-1,3.122341154E-1,-1.161029770E2
4.041666667E0,-1.429158594E-1,-2.783564812E-1,3.129013799E-1,-1.171772090E2
4.050000000E0,-1.489472198E-1,-2.766219175E-1,3.141734545E-1,-1.183002671E2
4.058333333E0,-1.553905738E-1,-2.749603681E-1,3.158313387E-1,-1.194724448E2
4.066666667E0,-1.602803576E-1,-2.740762928E-1,3.175021375E-1,-1.203191803E2
4.075000000E0,-1.651668035E-1,-2.721797123E-1,3.183737878E-1,-1.212506307E2
4.083333333E0,-1.699455167E-1,-2.721689923E-1,3.208698163E-1,-1.219811400E2
4.091666667E0,-1.758913672E-1,-2.685622034E-1,3.210349360E-1,-1.232222793E2
4.100000000E0,-1.787231214E-1,-2.686684851E-1,3.226836051E-1,-1.236325672E2
4.108333333E0,-1.825744476E-1,-2.666478998E-1,3.231633200E-1,-1.243995348E2
4.116666667E0,-1.865393738E-1,-2.651391528E-1,3.241846825E-1,-1.251284072E2
4.125000000E0,-1.904921177E-1,-2.635597617E-1,3.251937806E-1,-1.258581354E2
4.133333333E0,-1.943944228E-1,-2.616928024E-1,3.259943472E-1,-1.266062361E2
4.141666667E0,-1.972214960E-1,-2.609732234E-1,3.271136527E-1,-1.270789047E2
4.150000000E0,-2.001332478E-1,-2.601781687E-1,3.282468527E-1,-1.275680656E2
4.158333333E0,-2.033380197E-1,-2.605326533E-1,3.304899600E-1,-1.279709834E2
4.166666667E0,-2.053909125E-1,-2.592527336E-1,3.307527880E-1,-1.283877448E2
4.175000000E0,-2.071064990E-1,-2.566328873E-1,3.297780174E-1,-1.289040379E2
4.183333333E0,-2.083039068E-1,-2.557465904E-1,3.298436540E-1,-1.291625882E2
4.191666667E0,-2.103375340E-1,-2.552690193E-1,3.307629823E-1,-1.294879694E2
4.200000000E0,-2.117625675E-1,-2.543302317E-1,3.309490168E-1,-1.297817254E2
4.208333333E0,-2.123977794E-1,-2.539508564E-1,3.310647281E-1,-1.299082191E2
4.216666667E0,-2.131524908E-1,-2.533303909E-1,3.310744196E-1,-1.300772964E2
4.225000000E0,-2.136207563E-1,-2.536809916E-1,3.316441964E-1,-1.301002016E2
4.233333333E0,-2.133220160E-1,-2.537412262E-1,3.314979523E-1,-1.300539999E2
4.241666667E0,-2.127930528E-1,-2.539787540E-1,3.313398419E-1,-1.299575546E2
4.250000000E0,-2.125918225E-1,-2.546987562E-1,3.317630773E-1,-1.298510591E2
4.258333333E0,-2.117606635E-1,-2.547021000E-1,3.312336612E-1,-1.297403133E2
4.266666667E0,-2.110645662E-1,-2.554506810E-1,3.313658122E-1,-1.295650123E2
4.275000000E0,-2.092887031E-1,-2.562416938E-1,3.308497649E-1,-1.292406739E2
4.283333333E0,-2.079274639E-1,-2.574023674E-1,3.308924432E-1,-1.289309855E2
4.291666667E0,-2.056906390E-1,-2.578999485E-1,3.298803152E-1,-1.285744558E2
4.300000000E0,-2.032627035E-1,-2.588299041E-1,3.291027892E-1,-1.281430374E2
4.308333333E0,-2.009379883E-1,-2.600706090E-1,3.286530036E-1,-1.276907001E2
4.316666667E0,-1.984799615E-1,-2.612289897E-1,3.280775521E-1,-1.272273159E2
4.325000000E0,-1.953908476E-1,-2.631898162E-1,3.277902724E-1,-1.265900143E2
4.333333333E0,-1.923150155E-1,-2.642358395E-1,3.268113279E-1,-1.260477190E2
4.341666667E0,-1.886452729E-1,-2.653891799E-1,3.256047539E-1,-1.254061677E2
4.350000000E0,-1.848155375E-1,-2.667089198E-1,3.244848699E-1,-1.247199646E2
4.358333333E0,-1.805897980E-1,-2.679052101E-1,3.230880325E-1,-1.239831592E2
4.366666667E0,-1.763192632E-1,-2.697103690E-1,3.222299889E-1,-1.231740732E2
4.375000000E0,-1.719905563E-1,-2.712866367E-1,3.212120650E-1,-1.223739183E2
4.383333333E0,-1.675394515E-1,-2.731930318E-1,3.204744926E-1,-1.215192905E2
4.391666667E0,-1.629333160E-1,-2.746133539E-1,3.193113835E-1,-1.206814605E2
4.400000000E0,-1.571238847E-1,-2.756659999E-1,3.173005809E-1,-1.196822404E2
4.408333333E0,-1.516787983E-1,-2.774702011E-1,3.162217107E-1,-1.186631762E2
4.416666667E0,-1.457101886E-1,-2.781472987E-1,3.140021955E-1,-1.176482358E2
4.425000000E0,-1.394146266E-1,-2.799553897E-1,3.127482348E-1,-1.164727868E2
4.433333333E0,-1.350825743E-1,-2.803504116E-1,3.111971323E-1,-1.157263837E2
4.441666667E0,-1.266916466E-1,-2.820021379E-1,3.091536497E-1,-1.141923695E2
4.450000000E0,-1.213507889E-1,-2.821120057E-1,3.071045387E-1,-1.132750107E2
4.458333333E0,-1.153956422E-1,-2.837086182E-1,3.062788505E-1,-1.121335419E2
4.466666667E0,-1.087761831E-1,-2.844282895E-1,3.045188169E-1,-1.109287530E2
4.475000000E0,-1.013115752E-1,-2.859960784E-1,3.034102703E-1,-1.095062396E2
4.483333333E0,-9.428258774E-2,-2.865499239E-1,3.016621707E-1,-1.082125881E2
4.491666667E0,-8.809641821E-2,-2.868593064E-1,3.000820563E-1,-1.070720735E2
4.500000000E0,-8.075162163E-2,-2.871803350E-1,2.983175643E-1,-1.057053380E2
4.508333333E0,-7.436125484E-2,-2.871551085E-1,2.966271271E-1,-1.045183067E2
4.516666667E0,-6.706936971E-2,-2.861790974E-1,2.939332852E-1,-1.031898789E2
4.525000000E0,-6.041014164E-2,-2.857767146E-1,2.920919647E-1,-1.019359970E2
4.533333333E0,-5.394944393E-2,-2.860601102E-1,2.911029528E-1,-1.006802393E2
4.541666667E0,-4.760231273E-2,-2.845812671E-1,2.885350546E-1,-9.949603225E1
4.550000000E0,-4.196615606E-2,-2.842394905E-1,2.873208071E-1,-9.839868217E1
4.558333333E0,-3.324985030E-2,-2.836332135E-1,2.855754758E-1,-9.668617226E1
4.566666667E0,-2.840328971E-2,-2.830440215E-1,2.844655778E-1,-9.573041178E1
4.575000000E0,-2.065090802E-2,-2.810936397E-1,2.818511918E-1,-9.420176006E1
4.583333333E0,-1.546790185E-2,-2.793236977E-1,2.797516472E-1,-9.316958878E1
4.591666667E0,-1.005461945E-2,-2.772994698E-1,2.774816955E-1,-9.207658166E1
4.600000000E0,-3.693450355E-3,-2.769406587E-1,2.769652867E-1,-9.076408633E1
4.608333333E0,1.425298855E-3,-2.753374453E-1,2.753411344E-1,-8.970340801E1
4.616666667E0,6.158103308E-3,-2.728779614E-1,2.729474383E-1,-8.870721165E1
4.625000000E0,1.015799227E-2,-2.710098097E-1,2.712001139E-1,-8.785344390E1
4.633333333E0,1.384356400E-2,-2.697577471E-1,2.701127291E-1,-8.706224345E1
4.641666667E0,1.904666425E-2,-2.680797164E-1,2.687554832E-1,-8.593604922E1
4.650000000E0,2.236559994E-2,-2.662016203E-1,2.671395191E-1,-8.519742987E1
4.658333333E0,2.699129500E-2,-2.643867673E-1,2.657609692E-1,-8.417085830E1
4.666666667E0,3.115546895E-2,-2.631150270E-1,2.649531670E-1,-8.324704648E1
4.675000000E0,3.381187804E-2,-2.611948386E-1,2.633742333E-1,-8.262403453E1
4.683333333E0,3.791268065E-2,-2.601476786E-1,2.628957703E-1,-8.170835920E1
4.691666667E0,4.015287109E-2,-2.587003398E-1,2.617978588E-1,-8.117751943E1
4.700000000E0,4.191590583E-2,-2.577115020E-1,2.610979920E-1,-8.076192913E1
4.708333333E0,4.385095697E-2,-2.564144694E-1,2.601370534E-1,-8.029539110E1
4.716666667E0,4.603877525E-2,-2.552628592E-1,2.593813719E-1,-7.977614273E1
4.725000000E0,4.717855068E-2,-2.545092938E-1,2.588451202E-1,-7.949824986E1
4.733333333E0,4.815632208E-2,-2.539681540E-1,2.584934324E-1,-7.926329192E1
4.741666667E0,4.936156988E-2,-2.534632532E-1,2.582250671E-1,-7.897967770E1
4.750000000E0,4.958313967E-2,-2.527564748E-1,2.575739181E-1,-7.890124621E1
4.758333333E0,4.960634927E-2,-2.527887464E-1,2.576100546E-1,-7.889756235E1
4.766666667E0,4.914986319E-2,-2.523761511E-1,2.571175426E-1,-7.897967667E1
4.775000000E0,4.915366659E-2,-2.526197881E-1,2.573574174E-1,-7.898921412E1
4.783333333E0,4.883891420E-2,-2.529622115E-1,2.576336934E-1,-7.907246873E1
4.791666667E0,4.719738788E-2,-2.530286673E-1,2.573928902E-1,-7.943405435E1
4.800000000E0,4.740068960E-2,-2.536760368E-1,2.580665748E-1,-7.941603784E1
4.808333333E0,4.582412695E-2,-2.541241266E-1,2.582226216E-1,-7.977816660E1
4.816666667E0,4.393482575E-2,-2.550469513E-1,2.588034318E-1,-8.022605496E1
4.825000000E0,4.159707873E-2,-2.562562529E-1,2.596104468E-1,-8.077982129E1
4.833333333E0,3.941684739E-2,-2.574312160E-1,2.604314090E-1,-8.129470764E1
4.841666667E0,3.665488245E-2,-2.583424026E-1,2.609298323E-1,-8.192449713E1
4.850000000E0,3.366924205E-2,-2.597272843E-1,2.619005156E-1,-8.261376368E1
4.858333333E0,3.030701184E-2,-2.616657023E-1,2.634149858E-1,-8.339324628E1
4.866666667E0,2.666702675E-2,-2.623504712E-1,2.637022944E-1,-8.419601447E1
4.875000000E0,2.262459710E-2,-2.646522933E-1,2.656175987E-1,-8.511377805E1
4.883333333E0,1.813251100E-2,-2.658362815E-1,2.664539669E-1,-8.609793803E1
4.891666667E0,1.423760758E-2,-2.681437623E-1,2.685214828E-1,-8.696062479E1
4.900000000E0,1.010285986E-2,-2.694487436E-1,2.696380782E-1,-8.785272630E1
4.908333333E0,5.198838303E-3,-2.719888991E-1,2.720385803E-1,-8.890497286E1
4.916666667E0,2.883112119E-4,-2.729469851E-1,2.729471374E-1,-8.993947905E1
4.925000000E0,-4.766160322E-3,-2.734157061E-1,2.734572446E-1,-9.099867421E1
4.933333333E0,-1.015613346E-2,-2.750611193E-1,2.752485538E-1,-9.211458225E1
4.941666667E0,-1.730568071E-2,-2.776041006E-1,2.781429907E-1,-9.356716996E1
4.950000000E0,-2.337001139E-2,-2.777622104E-1,2.787436151E-1,-9.480935392E1
4.958333333E0,-2.721545130E-2,-2.790281028E-1,2.803522123E-1,-9.557081412E1
4.966666667E0,-3.421357338E-2,-2.806092259E-1,2.826872942E-1,-9.695153626E1
4.975000000E0,-4.131117550E-2,-2.815201754E-1,2.845350986E-1,-9.834818505E1
4.983333333E0,-4.740441313E-2,-2.826374755E-1,2.865852769E-1,-9.952112245E1
4.991666667E0,-5.551983198E-2,-2.842334859E-1,2.896051213E-1,-1.010525209E2
5.000000000E0,-6.157324282E-2,-2.840939321E-1,2.906899147E-1,-1.022288901E2
5.008333333E0,-6.850671334E-2,-2.847029340E-1,2.928291830E-1,-1.035296013E2
5.016666667E0,-7.504946967E-2,-2.843299401E-1,2.940679135E-1,-1.047861091E2
5.025000000E0,-8.128676795E-2,-2.845571222E-1,2.959396804E-1,-1.059425538E2
5.033333333E0,-8.733929544E-2,-2.833687419E-1,2.965231803E-1,-1.071302304E2
5.041666667E0,-9.418862062E-2,-2.839781561E-1,2.991907241E-1,-1.083494225E2
5.050000000E0,-1.005143116E-1,-2.840885730E-1,3.013460538E-1,-1.094844559E2
5.058333333E0,-1.071932422E-1,-2.840264917E-1,3.035810257E-1,-1.106767969E2
5.066666667E0,-1.140341116E-1,-2.836490677E-1,3.057132189E-1,-1.119013768E2
5.075000000E0,-1.204571451E-1,-2.827405589E-1,3.073306810E-1,-1.130756626E2
5.083333333E0,-1.262639979E-1,-2.817623548E-1,3.087598124E-1,-1.141382159E2
5.091666667E0,-1.331429012E-1,-2.812854553E-1,3.112049799E-1,-1.153299403E2
5.100000000E0,-1.383463965E-1,-2.798346416E-1,3.121652640E-1,-1.163071580E2
5.108333333E0,-1.437639983E-1,-2.785484113E-1,3.134602122E-1,-1.172990973E2
5.116666667E0,-1.493401211E-1,-2.771342585E-1,3.148108464E-1,-1.183190209E2
5.125000000E0,-1.552879135E-1,-2.757109004E-1,3.164345694E-1,-1.193894002E2
5.133333333E0,-1.606161330E-1,-2.746095988E-1,3.181320071E-1,-1.203228955E2
5.141666667E0,-1.660202598E-1,-2.729641734E-1,3.194873497E-1,-1.213084955E2
5.150000000E0,-1.708710564E-1,-2.715882225E-1,3.208692576E-1,-1.221762509E2
5.158333333E0,-1.762450372E-1,-2.701072108E-1,3.225216558E-1,-1.231244603E2
5.166666667E0,-1.801740242E-1,-2.680694204E-1,3.229920945E-1,-1.239057200E2
5.175000000E0,-1.833510068E-1,-2.654721434E-1,3.226345465E-1,-1.246312883E2
5.183333333E0,-1.880051164E-1,-2.649469413E-1,3.248735223E-1,-1.253593344E2
5.191666667E0,-1.920644315E-1,-2.632409778E-1,3.258597217E-1,-1.261150321E2
5.200000000E0,-1.957469743E-1,-2.618151003E-1,3.269006343E-1,-1.267837559E2
5.208333333E0,-1.984679745E-1,-2.608052590E-1,3.277330012E-1,-1.272704632E2
5.216666667E0,-2.013119219E-1,-2.594289138E-1,3.283745593E-1,-1.278107853E2
5.225000000E0,-2.036873524E-1,-2.585826189E-1,3.291709409E-1,-1.282277536E2
5.233333333E0,-2.044233867E-1,-2.571885463E-1,3.285344265E-1,-1.284790331E2
5.241666667E0,-2.072182248E-1,-2.566987568E-1,3.298994459E-1,-1.289119537E2
5.250000000E0,-2.084936516E-1,-2.569452761E-1,3.308934537E-1,-1.290569848E2
5.258333333E0,-2.104637268E-1,-2.546148342E-1,3.303387566E-1,-1.295770159E2
5.266666667E0,-2.120624609E-1,-2.545353839E-1,3.312985798E-1,-1.297988805E2
5.275000000E0,-2.130167179E-1,-2.543898112E-1,3.317985807E-1,-1.299415737E2
5.283333333E0,-2.132665050E-1,-2.547851921E-1,3.322620897E-1,-1.299308262E2
5.291666667E0,-2.138143188E-1,-2.552909011E-1,3.330015122E-1,-1.299472542E2
5.300000000E0,-2.142690575E-1,-2.553655776E-1,3.333508771E-1,-1.299989329E2
5.308333333E0,-2.138990857E-1,-2.537781853E-1,3.318978551E-1,-1.301261471E2
5.316666667E0,-2.135478019E-1,-2.546124575E-1,3.323103477E-1,-1.299871333E2
5.325000000E0,-2.117355707E-1,-2.563220575E-1,3.324649592E-1,-1.295585070E2
5.333333333E0,-2.106266685E-1,-2.573695361E-1,3.325697996E-1,-1.292962863E2
5.341666667E0,-2.085767983E-1,-2.579357438E-1,3.317154334E-1,-1.289603410E2
5.350000000E0,-2.064552717E-1,-2.583584596E-1,3.307156980E-1,-1.286284906E2
5.358333333E0,-2.042464103E-1,-2.600040491E-1,3.306337879E-1,-1.281514374E2
5.366666667E0,-2.018284157E-1,-2.608149137E-1,3.297864895E-1,-1.277340557E2
5.375000000E0,-1.995885637E-1,-2.623044726E-1,3.296046588E-1,-1.272676572E2
5.383333333E0,-1.970440003E-1,-2.635837656E-1,3.290938158E-1,-1.267802250E2
5.391666667E0,-1.938494862E-1,-2.644550378E-1,3.278934131E-1,-1.262419719E2
5.400000000E0,-1.900046514E-1,-2.662875997E-1,3.271251340E-1,-1.255090621E2
5.408333333E0,-1.863649592E-1,-2.676484638E-1,3.261404578E-1,-1.248496869E2
5.416666667E0,-1.831535132E-1,-2.690703734E-1,3.254905148E-1,-1.242427273E2
5.425000000E0,-1.781216826E-1,-2.709442840E-1,3.242501177E-1,-1.233213491E2
5.433333333E0,-1.738406310E-1,-2.729423319E-1,3.236017329E-1,-1.224936070E2
5.441666667E0,-1.693383795E-1,-2.728205210E-1,3.211020452E-1,-1.218276747E2
5.450000000E0,-1.650880377E-1,-2.747549854E-1,3.205376143E-1,-1.209997835E2
5.458333333E0,-1.604266049E-1,-2.767657602E-1,3.198999556E-1,-1.200986217E2
5.466666667E0,-1.536784967E-1,-2.784349853E-1,3.180300636E-1,-1.188959193E2
5.475000000E0,-1.481204698E-1,-2.798037900E-1,3.165909576E-1,-1.178955199E2
5.483333333E0,-1.427851579E-1,-2.814230420E-1,3.155733353E-1,-1.169017973E2
5.491666667E0,-1.369450228E-1,-2.825114811E-1,3.139533026E-1,-1.158613908E2
5.500000000E0,-1.302246957E-1,-2.830782235E-1,3.115954942E-1,-1.147038857E2
5.508333333E0,-1.233633107E-1,-2.848609907E-1,3.104259822E-1,-1.134157453E2
5.516666667E0,-1.175292030E-1,-2.852649770E-1,3.085275039E-1,-1.123916666E2
5.525000000E0,-1.115432466E-1,-2.855970499E-1,3.066065407E-1,-1.113337086E2
5.533333333E0,-1.049829860E-1,-2.870595689E-1,3.056544183E-1,-1.100883995E2
5.541666667E0,-9.875301924E-2,-2.875022549E-1,3.039896469E-1,-1.089568826E2
5.550000000E0,-9.129602591E-2,-2.878595094E-1,3.019901678E-1,-1.075966744E2
5.558333333E0,-8.357718321E-2,-2.873601951E-1,2.992674845E-1,-1.062167910E2
5.566666667E0,-7.675564341E-2,-2.871905723E-1,2.972706740E-1,-1.049633542E2
5.575000000E0,-7.011940343E-2,-2.876364885E-1,2.960599268E-1,-1.037002229E2
5.583333333E0,-6.390838571E-2,-2.873729820E-1,2.943934655E-1,-1.025378745E2
5.591666667E0,-5.708793042E-2,-2.874139269E-1,2.930286627E-1,-1.012342259E2
5.600000000E0,-5.006122497E-2,-2.858169854E-1,2.901680124E-1,-9.993465818E1
5.608333333E0,-4.334415106E-2,-2.848054987E-1,2.880848616E-1,-9.865336443E1
5.616666667E0,-3.673708473E-2,-2.846764507E-1,2.870370968E-1,-9.735329784E1
5.625000000E0,-3.110703163E-2,-2.832982125E-1,2.850009203E-1,-9.626615352E1
5.633333333E0,-2.482013634E-2,-2.825964817E-1,2.836843504E-1,-9.501934510E1
5.641666667E0,-1.820550097E-2,-2.813019778E-1,2.818904805E-1,-9.370294473E1
5.650000000E0,-1.144662713E-2,-2.788635160E-1,2.790983444E-1,-9.235052424E1
5.658333333E0,-7.459051786E-3,-2.770996151E-1,2.771999894E-1,-9.154193288E1
5.666666667E0,-1.759900560E-3,-2.775724406E-1,2.775780197E-1,-9.036326922E1
5.675000000E0,4.436735577E-3,-2.748866610E-1,2.749224637E-1,-8.907531289E1
5.683333333E0,9.254053629E-3,-2.736109774E-1,2.737674277E-1,-8.806288409E1
5.691666667E0,1.342255791E-2,-2.718842516E-1,2.722153767E-1,-8.717367950E1
5.700000000E0,1.759705938E-2,-2.706460391E-1,2.712175049E-1,-8.627993789E1
5.708333333E0,2.238034446E-2,-2.686588365E-1,2.695894105E-1,-8.523802978E1
5.716666667E0,2.461950784E-2,-2.663895379E-1,2.675247766E-1,-8.471976920E1
5.725000000E0,3.052631603E-2,-2.662835707E-1,2.680276031E-1,-8.346025354E1
5.733333333E0,3.385752798E-2,-2.641561334E-1,2.663170948E-1,-8.269608483E1
5.741666667E0,3.490832356E-2,-2.617247048E-1,2.640424438E-1,-8.240284087E1
5.750000000E0,3.735816086E-2,-2.602374276E-1,2.629052128E-1,-8.183076502E1
5.758333333E0,4.036213611E-2,-2.582534786E-1,2.613885255E-1,-8.111716864E1
5.766666667E0,4.268589563E-2,-2.571110681E-1,2.606303647E-1,-8.057366290E1
5.775000000E0,4.431472487E-2,-2.555160980E-1,2.593304285E-1,-8.016093544E1
5.783333333E0,4.669503318E-2,-2.520552774E-1,2.563440832E-1,-7.950453848E1
5.791666667E0,4.777820476E-2,-2.518711312E-1,2.563626798E-1,-7.925900767E1
5.800000000E0,5.003682594E-2,-2.526156984E-1,2.575235426E-1,-7.879616519E1
5.808333333E0,4.991690067E-2,-2.515636167E-1,2.564682246E-1,-7.877677833E1
5.816666667E0,4.960471354E-2,-2.512769078E-1,2.561263594E-1,-7.883279632E1
5.825000000E0,4.967296726E-2,-2.511845994E-1,2.560490318E-1,-7.881381199E1
5.833333333E0,4.968064713E-2,-2.509248122E-1,2.557956764E-1,-7.880083575E1
5.841666667E0,4.923065819E-2,-2.510403181E-1,2.558220065E-1,-7.890472392E1
5.850000000E0,4.863703187E-2,-2.511185110E-1,2.557851978E-1,-7.903858129E1
5.858333333E0,4.774527377E-2,-2.520777711E-1,2.565595717E-1,-7.927483358E1
5.866666667E0,4.600014897E-2,-2.524028333E-1,2.565603320E-1,-7.967126447E1
5.875000000E0,4.420070845E-2,-2.529959131E-1,2.568280255E-1,-8.008992293E1
5.883333333E0,4.201106249E-2,-2.543699038E-1,2.578157818E-1,-8.062183786E1
5.891666667E0,4.004358221E-2,-2.552811493E-1,2.584026967E-1,-8.108518687E1
5.900000000E0,3.755992143E-2,-2.563925186E-1,2.591290630E-1,-8.166580307E1
5.908333333E0,3.445989955E-2,-2.574692295E-1,2.597650646E-1,-8.237678811E1
5.916666667E0,3.162351603E-2,-2.588272583E-1,2.607519825E-1,-8.303412647E1
5.925000000E0,2.776465254E-2,-2.610221403E-1,2.624946355E-1,-8.392833805E1
5.933333333E0,2.456491345E-2,-2.624600090E-1,2.636070775E-1,-8.465298528E1
5.941666667E0,2.123187907E-2,-2.648324996E-1,2.656822266E-1,-8.541634516E1
5.950000000E0,1.690041648E-2,-2.667492237E-1,2.672840669E-1,-8.637475984E1
5.958333333E0,1.201097657E-2,-2.672587767E-1,2.675285354E-1,-8.742678043E1
5.966666667E0,7.575754141E-3,-2.689230603E-1,2.690297464E-1,-8.838636385E1
5.975000000E0,3.189530949E-3,-2.709648814E-1,2.709836528E-1,-8.932560182E1
5.983333333E0,-2.211413806E-3,-2.722949398E-1,2.723039196E-1,-9.046531123E1
5.991666667E0,-7.183426170E-3,-2.737060276E-1,2.738002760E-1,-9.150338502E1
6.000000000E0,-1.263342458E-2,-2.761722011E-1,2.764610064E-1,-9.261915443E1
6.008333333E0,-1.789250692E-2,-2.774288864E-1,2.780052676E-1,-9.369012505E1
6.016666667E0,-2.438735106E-2,-2.793724444E-1,2.804348509E-1,-9.498889306E1
6.025000000E0,-3.252211517E-2,-2.798307051E-1,2.817142373E-1,-9.662921380E1
6.033333333E0,-3.834682595E-2,-2.814024199E-1,2.840031708E-1,-9.775992255E1
6.041666667E0,-4.323721693E-2,-2.824215620E-1,2.857120852E-1,-9.870409245E1
6.050000000E0,-5.012174943E-2,-2.819189235E-1,2.863397793E-1,-1.000811555E2
6.058333333E0,-5.767493573E-2,-2.842591152E-1,2.900511037E-1,-1.014693703E2
6.066666667E0,-6.285137902E-2,-2.840467062E-1,2.909172170E-1,-1.024768764E2
6.075000000E0,-6.943329373E-2,-2.844184857E-1,2.927709980E-1,-1.037189260E2
6.083333333E0,-7.569713052E-2,-2.848005568E-1,2.946886708E-1,-1.048845106E2
6.091666667E0,-8.241252587E-2,-2.847329955E-1,2.964198089E-1,-1.061424480E2
6.100000000E0,-8.900498469E-2,-2.847369476E-1,2.983236776E-1,-1.073585505E2
6.108333333E0,-9.577785060E-2,-2.844266692E-1,3.001198541E-1,-1.086104403E2
6.116666667E0,-1.021598554E-1,-2.833845038E-1,3.012364736E-1,-1.098241872E2
6.125000000E0,-1.095426366E-1,-2.829957804E-1,3.034570826E-1,-1.111605349E2
6.133333333E0,-1.159270783E-1,-2.823075820E-1,3.051829915E-1,-1.123250652E2
6.141666667E0,-1.222331761E-1,-2.811922869E-1,3.066105862E-1,-1.134943945E2
6.150000000E0,-1.281444287E-1,-2.811134615E-1,3.089429929E-1,-1.145056776E2
6.158333333E0,-1.346830613E-1,-2.804176544E-1,3.110845350E-1,-1.156547189E2
6.166666667E0,-1.404590655E-1,-2.784276531E-1,3.118504563E-1,-1.167696838E2
6.175000000E0,-1.455568909E-1,-2.762190931E-1,3.122239515E-1,-1.177875144E2
6.183333333E0,-1.512704460E-1,-2.757127605E-1,3.144841397E-1,-1.187514769E2
6.191666667E0,-1.567714519E-1,-2.734174868E-1,3.151736191E-1,-1.198289918E2
6.200000000E0,-1.616174621E-1,-2.732686013E-1,3.174837515E-1,-1.206010659E2
6.208333333E0,-1.670577049E-1,-2.718243530E-1,3.190560384E-1,-1.215740359E2
6.216666667E0,-1.717205818E-1,-2.702794506E-1,3.202170196E-1,-1.224296145E2
6.225000000E0,-1.759675164E-1,-2.681028004E-1,3.206924983E-1,-1.232786303E2
6.233333333E0,-1.800398457E-1,-2.670320296E-1,3.220565958E-1,-1.239888597E2
6.241666667E0,-1.841777872E-1,-2.659111522E-1,3.234659150E-1,-1.247075982E2
6.250000000E0,-1.883518154E-1,-2.646578309E-1,3.248386889E-1,-1.254387162E2
6.258333333E0,-1.914612345E-1,-2.642362074E-1,3.263099410E-1,-1.259264723E2
6.266666667E0,-1.945933519E-1,-2.629941302E-1,3.271581959E-1,-1.264983011E2
6.275000000E0,-1.979729334E-1,-2.601226559E-1,3.268900098E-1,-1.272738675E2
6.283333333E0,-2.001793961E-1,-2.594636357E-1,3.277089697E-1,-1.276506294E2
6.291666667E0,-2.022575257E-1,-2.582566376E-1,3.280313972E-1,-1.280667996E2
6.300000000E0,-2.052900102E-1,-2.584224889E-1,3.300396507E-1,-1.284635182E2
6.308333333E0,-2.083667064E-1,-2.564996994E-1,3.304675175E-1,-1.290885707E2
6.316666667E0,-2.086613772E-1,-2.563982260E-1,3.305746824E-1,-1.291393014E2
6.325000000E0,-2.087892359E-1,-2.558268389E-1,3.302125323E-1,-1.292190879E2
6.333333333E0,-2.102856166E-1,-2.558177604E-1,3.311536910E-1,-1.294206615E2
6.341666667E0,-2.109261749E-1,-2.559635863E-1,3.316733465E-1,-1.294901464E2
6.350000000E0,-2.108617108E-1,-2.558524197E-1,3.315465605E-1,-1.294937663E2
6.358333333E0,-2.108195588E-1,-2.557894126E-1,3.314711299E-1,-1.294950702E2
6.366666667E0,-2.107083201E-1,-2.563036261E-1,3.317974456E-1,-1.294237717E2
6.375000000E0,-2.103204057E-1,-2.563912412E-1,3.316189706E-1,-1.293623857E2
6.383333333E0,-2.105790132E-1,-2.566441578E-1,3.319785302E-1,-1.293692094E2
6.391666667E0,-2.087515184E-1,-2.575299661E-1,3.315099997E-1,-1.290279195E2
6.400000000E0,-2.082593312E-1,-2.574613985E-1,3.311469776E-1,-1.289692350E2
6.408333333E0,-2.063281785E-1,-2.580065535E-1,3.303614670E-1,-1.286493715E2
6.416666667E0,-2.042207120E-1,-2.586586986E-1,3.295609528E-1,-1.282924115E2
6.425000000E0,-2.021625878E-1,-2.600970242E-1,3.294240032E-1,-1.278564361E2
6.433333333E0,-2.000312580E-1,-2.621972265E-1,3.297876435E-1,-1.273401473E2
6.441666667E0,-1.967976592E-1,-2.625492322E-1,3.281179940E-1,-1.268539353E2
6.450000000E0,-1.940195592E-1,-2.638034578E-1,3.274688591E-1,-1.263333706E2
6.458333333E0,-1.902774349E-1,-2.647561506E-1,3.260388344E-1,-1.257044013E2
6.466666667E0,-1.866677836E-1,-2.663740924E-1,3.252691479E-1,-1.250217357E2
6.475000000E0,-1.830602077E-1,-2.671308866E-1,3.238363015E-1,-1.244221712E2
6.483333333E0,-1.790969933E-1,-2.691081076E-1,3.232567193E-1,-1.236445838E2
6.491666667E0,-1.750423483E-1,-2.707654868E-1,3.224186294E-1,-1.228815432E2
6.500000000E0,-1.704938249E-1,-2.727245262E-1,3.216314841E-1,-1.220115762E2
6.508333333E0,-1.660042818E-1,-2.742370531E-1,3.205672829E-1,-1.211878335E2
6.516666667E0,-1.616560335E-1,-2.752043604E-1,3.191709780E-1,-1.204301297E2
6.525000000E0,-1.558728445E-1,-2.760486592E-1,3.170160973E-1,-1.194515549E2
6.533333333E0,-1.498003649E-1,-2.775696097E-1,3.154124879E-1,-1.183551045E2
6.541666667E0,-1.434880917E-1,-2.793881424E-1,3.140805097E-1,-1.171841141E2
6.550000000E0,-1.379334090E-1,-2.805231503E-1,3.126001651E-1,-1.161833745E2
6.558333333E0,-1.318650110E-1,-2.825603613E-1,3.118152320E-1,-1.150174778E2
6.566666667E0,-1.256980832E-1,-2.833773129E-1,3.100043703E-1,-1.139207067E2
6.575000000E0,-1.196322057E-1,-2.835157076E-1,3.077223117E-1,-1.128777853E2
6.583333333E0,-1.134887506E-1,-2.843575637E-1,3.061681246E-1,-1.117572283E2
6.591666667E0,-1.069900595E-1,-2.849725135E-1,3.043948197E-1,-1.105781404E2
6.600000000E0,-1.007558229E-1,-2.851942547E-1,3.024690046E-1,-1.094577238E2
6.608333333E0,-9.440609313E-2,-2.856960945E-1,3.008899613E-1,-1.082857435E2
6.616666667E0,-8.733276871E-2,-2.868479130E-1,2.998478576E-1,-1.069332220E2
6.625000000E0,-8.041971351E-2,-2.870063213E-1,2.980603275E-1,-1.056529724E2
6.633333333E0,-7.306302040E-2,-2.865053156E-1,2.956746536E-1,-1.043063339E2
6.641666667E0,-6.674256886E-2,-2.866086189E-1,2.942772009E-1,-1.031088471E2
6.650000000E0,-6.045967553E-2,-2.854032976E-1,2.917368928E-1,-1.019606825E2
6.658333333E0,-5.357106321E-2,-2.847657740E-1,2.897609443E-1,-1.006541483E2
6.666666667E0,-4.692028561E-2,-2.849832889E-1,2.888199927E-1,-9.934942880E1
6.675000000E0,-4.068795899E-2,-2.845658734E-1,2.874599908E-1,-9.813714476E1
6.683333333E0,-3.361648814E-2,-2.842651932E-1,2.862459927E-1,-9.674433199E1
6.691666667E0,-2.778568417E-2,-2.814886985E-1,2.828567334E-1,-9.563739092E1
6.700000000E0,-2.309491747E-2,-2.812529113E-1,2.821995311E-1,-9.469427733E1
6.708333333E0,-1.649384345E-2,-2.807252150E-1,2.812093405E-1,-9.336251386E1
6.716666667E0,-1.197627801E-2,-2.776540184E-1,2.779121897E-1,-9.246985476E1
6.725000000E0,-6.839490035E-3,-2.753340340E-1,2.754189698E-1,-9.142297461E1
6.733333333E0,-1.474514515E-3,-2.749196327E-1,2.749235869E-1,-9.030729944E1
6.741666667E0,2.869885303E-3,-2.733483309E-1,2.733633960E-1,-8.939847347E1
6.750000000E0,8.113153278E-3,-2.722323170E-1,2.723531855E-1,-8.829295839E1
6.758333333E0,1.209543124E-2,-2.705825484E-1,2.708527551E-1,-8.744049970E1
6.766666667E0,1.644314925E-2,-2.684041826E-1,2.689073863E-1,-8.649429058E1
6.775000000E0,2.018164827E-2,-2.668303129E-1,2.675924416E-1,-8.567468241E1
6.783333333E0,2.384842237E-2,-2.653834311E-1,2.664528341E-1,-8.486496393E1
6.791666667E0,2.717717727E-2,-2.635006433E-1,2.648984485E-1,-8.411139537E1
6.800000000E0,2.929176193E-2,-2.611581745E-1,2.627957371E-1,-8.360039452E1
6.808333333E0,3.238551333E-2,-2.597258655E-1,2.617371710E-1,-8.289240864E1
6.816666667E0,3.501987694E-2,-2.589592836E-1,2.613164793E-1,-8.229843382E1
6.825000000E0,3.797015275E-2,-2.575507800E-1,2.603346630E-1,-8.161341999E1
6.833333333E0,4.048468101E-2,-2.562232568E-1,2.594019404E-1,-8.102118221E1
6.841666667E0,4.244855111E-2,-2.553937116E-1,2.588973299E-1,-8.056323314E1
6.850000000E0,4.219608512E-2,-2.536457992E-1,2.571316804E-1,-8.055486899E1
6.858333333E0,4.355363914E-2,-2.535366144E-1,2.572503340E-1,-8.025261632E1
6.866666667E0,4.466338361E-2,-2.529450926E-1,2.568580108E-1,-7.998630564E1
6.875000000E0,4.608570318E-2,-2.521855534E-1,2.563619422E-1,-7.964374653E1
6.883333333E0,4.548990143E-2,-2.515719093E-1,2.556516315E-1,-7.975037722E1
6.891666667E0,4.535456517E-2,-2.516795125E-1,2.557334816E-1,-7.978450444E1
6.900000000E0,4.473949044E-2,-2.522523057E-1,2.561890859E-1,-7.994260250E1
6.908333333E0,4.416242005E-2,-2.523830496E-1,2.562177259E-1,-8.007477076E1
6.916666667E0,4.296507163E-2,-2.527315094E-1,2.563575886E-1,-8.035179714E1
6.925000000E0,4.309179264E-2,-2.539021400E-1,2.575329091E-1,-8.036765258E1
6.933333333E0,4.065970191E-2,-2.558540558E-1,2.590646815E-1,-8.097020453E1
6.941666667E0,3.929003790E-2,-2.564530908E-1,2.594453600E-1,-8.128969620E1
6.950000000E0,3.755239479E-2,-2.566957591E-1,2.594280152E-1,-8.167715517E1
6.958333333E0,3.510891774E-2,-2.572869588E-1,2.596713602E-1,-8.222951432E1
6.966666667E0,3.275425535E-2,-2.591088861E-1,2.611709328E-1,-8.279538781E1
6.975000000E0,2.955627303E-2,-2.600127474E-1,2.616872219E-1,-8.351488790E1
6.983333333E0,2.646849905E-2,-2.617756106E-1,2.631103414E-1,-8.422636565E1
6.991666667E0,2.250321269E-2,-2.632090390E-1,2.641692502E-1,-8.511334660E1
7.000000000E0,1.864171185E-2,-2.648298450E-1,2.654851413E-1,-8.597351828E1
7.008333333E0,1.417486629E-2,-2.662114304E-1,2.665885453E-1,-8.695207013E1
7.016666667E0,1.013801822E-2,-2.679208016E-1,2.681125423E-1,-8.783298401E1
7.025000000E0,5.724408492E-3,-2.696298782E-1,2.696906378E-1,-8.878375800E1
7.033333333E0,1.079877224E-3,-2.708018233E-1,2.708039764E-1,-8.977152266E1
7.041666667E0,-3.904292428E-3,-2.728190175E-1,2.728469531E-1,-9.081989962E1
7.050000000E0,-9.157083716E-3,-2.734379527E-1,2.735912392E-1,-9.191804481E1
7.058333333E0,-1.353814174E-2,-2.758758558E-1,2.762078367E-1,-9.280943985E1
7.066666667E0,-1.975030335E-2,-2.776447835E-1,2.783463675E-1,-9.406888997E1
7.075000000E0,-2.539954879E-2,-2.773880608E-1,2.785485117E-1,-9.523180415E1
7.083333333E0,-3.024573540E-2,-2.790617704E-1,2.806960566E-1,-9.618578008E1
7.091666667E0,-3.746341967E-2,-2.801300387E-1,2.826240372E-1,-9.761730000E1
7.100000000E0,-4.361552193E-2,-2.816095018E-1,2.849670600E-1,-9.880398734E1
7.108333333E0,-4.981068551E-2,-2.818218304E-1,2.861898819E-1,-1.000232438E2
7.116666667E0,-5.617761649E-2,-2.821510012E-1,2.876892631E-1,-1.012606051E2
7.125000000E0,-6.265665199E-2,-2.828650759E-1,2.897214303E-1,-1.024897621E2
7.133333333E0,-6.923289517E-2,-2.830312535E-1,2.913758470E-1,-1.037453372E2
7.141666667E0,-7.573570040E-2,-2.838358716E-1,2.937664009E-1,-1.049401114E2
7.150000000E0,-8.204075739E-2,-2.841385508E-1,2.957455019E-1,-1.061052823E2
7.158333333E0,-8.847091247E-2,-2.830184766E-1,2.965241313E-1,-1.073591220E2
7.166666667E0,-9.446033998E-2,-2.827355621E-1,2.980975577E-1,-1.084741801E2
7.175000000E0,-1.006285660E-1,-2.824208100E-1,2.998126452E-1,-1.096113491E2
7.183333333E0,-1.074078159E-1,-2.823632902E-1,3.021017488E-1,-1.108262512E2
7.191666667E0,-1.132203671E-1,-2.824029325E-1,3.042536242E-1,-1.118467288E2
7.200000000E0,-1.207193925E-1,-2.813304344E-1,3.061371997E-1,-1.132242577E2
7.208333333E0,-1.266018107E-1,-2.806368005E-1,3.078717790E-1,-1.142812468E2
7.216666667E0,-1.326872808E-1,-2.802746147E-1,3.100963949E-1,-1.153337561E2
7.225000000E0,-1.390571823E-1,-2.800572071E-1,3.126802507E-1,-1.164058393E2
7.233333333E0,-1.443863322E-1,-2.785277920E-1,3.137278180E-1,-1.174018221E2
7.241666667E0,-1.506572574E-1,-2.762997256E-1,3.147048579E-1,-1.186021990E2
7.250000000E0,-1.549261955E-1,-2.759329368E-1,3.164508045E-1,-1.193126084E2
7.258333333E0,-1.600447304E-1,-2.738384087E-1,3.171778520E-1,-1.203041307E2
7.266666667E0,-1.650704515E-1,-2.728674911E-1,3.189120908E-1,-1.211717277E2
7.275000000E0,-1.696509898E-1,-2.712101524E-1,3.199006175E-1,-1.220273519E2
7.283333333E0,-1.740129833E-1,-2.697891839E-1,3.210400631E-1,-1.228218600E2
7.291666667E0,-1.780054884E-1,-2.688835770E-1,3.224660166E-1,-1.235052348E2
7.300000000E0,-1.810848979E-1,-2.663864315E-1,3.221078563E-1,-1.242071891E2
7.308333333E0,-1.852073066E-1,-2.655413341E-1,3.237498209E-1,-1.248946450E2
7.316666667E0,-1.882193612E-1,-2.640331968E-1,3.242530755E-1,-1.254836455E2
7.325000000E0,-1.913714505E-1,-2.626965846E-1,3.250115808E-1,-1.260729089E2
7.333333333E0,-1.945884696E-1,-2.616258376E-1,3.260563623E-1,-1.266406258E2
7.341666667E0,-1.980360847E-1,-2.608076312E-1,3.274735277E-1,-1.272100784E2
7.350000000E0,-2.000074455E-1,-2.599485813E-1,3.279881754E-1,-1.275750995E2
7.358333333E0,-2.023889338E-1,-2.589592447E-1,3.286657435E-1,-1.280093136E2
7.366666667E0,-2.041686985E-1,-2.583657397E-1,3.292988201E-1,-1.283168951E2
7.375000000E0,-2.061123588E-1,-2.575700397E-1,3.298857829E-1,-1.286674476E2
7.383333333E0,-2.072139737E-1,-2.566058871E-1,3.298245173E-1,-1.289215126E2
7.391666667E0,-2.083086668E-1,-2.559319629E-1,3.299904094E-1,-1.291429028E2
7.400000000E0,-2.092749101E-1,-2.554588439E-1,3.302350813E-1,-1.293247402E2
7.408333333E0,-2.094502262E-1,-2.561367067E-1,3.308706844E-1,-1.292738373E2
7.416666667E0,-2.095861750E-1,-2.559311570E-1,3.307977054E-1,-1.293146029E2
7.425000000E0,-2.122011680E-1,-2.562092599E-1,3.326747970E-1,-1.296327028E2
7.433333333E0,-2.119925833E-1,-2.560821494E-1,3.324438639E-1,-1.296189905E2
7.441666667E0,-2.116370813E-1,-2.561647335E-1,3.322809427E-1,-1.295626905E2
7.450000000E0,-2.102057149E-1,-2.568807799E-1,3.319249579E-1,-1.292934858E2
7.458333333E0,-2.088938764E-1,-2.574598646E-1,3.315452209E-1,-1.290546594E2
7.466666667E0,-2.071602163E-1,-2.581272464E-1,3.309758761E-1,-1.287488117E2
7.475000000E0,-2.055187302E-1,-2.594215501E-1,3.309644831E-1,-1.283869407E2
7.483333333E0,-2.031275849E-1,-2.596020989E-1,3.296271613E-1,-1.280416664E2
7.491666667E0,-2.006562696E-1,-2.604288433E-1,3.287645372E-1,-1.276136781E2
7.500000000E0,-1.987044780E-1,-2.616231227E-1,3.285272103E-1,-1.272169088E2
7.508333333E0,-1.960820050E-1,-2.635427729E-1,3.284858381E-1,-1.266501126E2
7.516666667E0,-1.933095245E-1,-2.653396232E-1,3.282890311E-1,-1.260746935E2
7.525000000E0,-1.902824282E-1,-2.670052145E-1,3.278706865E-1,-1.254757376E2
7.533333333E0,-1.859796971E-1,-2.678125915E-1,3.260552589E-1,-1.247776482E2
7.541666667E0,-1.820972912E-1,-2.687678155E-1,3.246468267E-1,-1.241186769E2
7.550000000E0,-1.778852636E-1,-2.724813831E-1,3.254063170E-1,-1.231378907E2
7.558333333E0,-1.736222103E-1,-2.729931757E-1,3.235273495E-1,-1.224561438E2
7.566666667E0,-1.686901935E-1,-2.750821079E-1,3.226864538E-1,-1.215181159E2
7.575000000E0,-1.633722582E-1,-2.765832957E-1,3.212301577E-1,-1.205695027E2
7.583333333E0,-1.585255593E-1,-2.769809434E-1,3.191375816E-1,-1.197839654E2
7.591666667E0,-1.531356055E-1,-2.785701663E-1,3.178865383E-1,-1.187984775E2
7.600000000E0,-1.475769690E-1,-2.813204469E-1,3.176793282E-1,-1.176809066E2
7.608333333E0,-1.414689097E-1,-2.814897635E-1,3.150395838E-1,-1.166828275E2
7.616666667E0,-1.360763056E-1,-2.827983432E-1,3.138338157E-1,-1.156958304E2
7.625000000E0,-1.292474897E-1,-2.838489191E-1,3.118895998E-1,-1.144816260E2
7.633333333E0,-1.235722145E-1,-2.844442949E-1,3.101268275E-1,-1.134817553E2
7.641666667E0,-1.176356019E-1,-2.848239926E-1,3.081604154E-1,-1.124411912E2
7.650000000E0,-1.111030559E-1,-2.863722134E-1,3.071692264E-1,-1.112046250E2
7.658333333E0,-1.054437368E-1,-2.859259264E-1,3.047491050E-1,-1.102429609E2
7.666666667E0,-9.686417840E-2,-2.866592991E-1,3.025825884E-1,-1.086704700E2
7.675000000E0,-9.174445440E-2,-2.874973630E-1,3.017810111E-1,-1.076986149E2
7.683333333E0,-8.476094181E-2,-2.876991674E-1,2.999253711E-1,-1.064158470E2
7.691666667E0,-7.793108170E-2,-2.876356430E-1,2.980059003E-1,-1.051595912E2
7.700000000E0,-7.146858253E-2,-2.873278651E-1,2.960828606E-1,-1.039680237E2
7.708333333E0,-6.515066081E-2,-2.859199876E-1,2.932487816E-1,-1.028364352E2
7.716666667E0,-5.868120269E-2,-2.855891797E-1,2.915555918E-1,-1.016111966E2
7.725000000E0,-5.226979154E-2,-2.856317513E-1,2.903749790E-1,-1.003702202E2
7.733333333E0,-4.650230009E-2,-2.848215795E-1,2.885927859E-1,-9.927276200E1
7.741666667E0,-3.992520713E-2,-2.827932150E-1,2.855976621E-1,-9.803600056E1
7.750000000E0,-3.212665568E-2,-2.817527370E-1,2.835784315E-1,-9.650501590E1
7.758333333E0,-2.696207633E-2,-2.810044983E-1,2.822950259E-1,-9.548069012E1
7.766666667E0,-1.906554194E-2,-2.800426294E-1,2.806908783E-1,-9.389473577E1
7.775000000E0,-1.462689705E-2,-2.775010603E-1,2.778862799E-1,-9.301723042E1
7.783333333E0,-9.761215807E-3,-2.756914141E-1,2.758641643E-1,-9.202778509E1
7.791666667E0,-4.434303791E-3,-2.756567242E-1,2.756923877E-1,-9.092159907E1
7.800000000E0,-1.034740154E-3,-2.735532873E-1,2.735552443E-1,-9.021672546E1
7.808333333E0,4.938177101E-3,-2.717945714E-1,2.718394280E-1,-8.895911983E1
7.816666667E0,9.292996676E-3,-2.696883063E-1,2.698483692E-1,-8.802646653E1
7.825000000E0,1.323807142E-2,-2.684893444E-1,2.688155029E-1,-8.717727392E1
7.833333333E0,1.684232579E-2,-2.661552339E-1,2.666875934E-1,-8.637914614E1
7.841666667E0,1.979144743E-2,-2.652436574E-1,2.659810129E-1,-8.573272008E1
7.850000000E0,2.403920117E-2,-2.634446638E-1,2.645391731E-1,-8.478622597E1
7.858333333E0,2.621042526E-2,-2.616337098E-1,2.629433104E-1,-8.427920454E1
7.866666667E0,2.909392532E-2,-2.607850066E-1,2.624028890E-1,-8.363424097E1
7.875000000E0,3.191843542E-2,-2.590289134E-1,2.609880544E-1,-8.297522851E1
7.883333333E0,3.378208516E-2,-2.574342702E-1,2.596413541E-1,-8.252401809E1
7.891666667E0,3.622689962E-2,-2.561792977E-1,2.587280828E-1,-8.195104263E1
7.900000000E0,3.788091781E-2,-2.555631228E-1,2.583553244E-1,-8.156870609E1
7.908333333E0,3.990298896E-2,-2.543830701E-1,2.574936793E-1,-8.108512530E1
7.916666667E0,4.053562715E-2,-2.533658172E-1,2.565879467E-1,-8.091036331E1
7.925000000E0,4.222239573E-2,-2.524306515E-1,2.559374231E-1,-8.050441771E1
7.933333333E0,4.270237123E-2,-2.521319783E-1,2.557225587E-1,-8.038731073E1
7.941666667E0,4.237106915E-2,-2.525614948E-1,2.560910309E-1,-8.047643981E1
7.950000000E0,4.250896612E-2,-2.524119508E-1,2.559664140E-1,-8.044045984E1
7.958333333E0,4.225522591E-2,-2.523882450E-1,2.559010167E-1,-8.049560145E1
7.966666667E0,4.200669440E-2,-2.522157068E-1,2.556899003E-1,-8.054414453E1
7.975000000E0,4.106421805E-2,-2.524935440E-1,2.558109844E-1,-8.076259334E1
7.983333333E0,3.971503579E-2,-2.530456187E-1,2.561432592E-1,-8.108029859E1
7.991666667E0,3.800852248E-2,-2.533954763E-1,2.562301996E-1,-8.146941107E1
8.000000000E0,3.704472365E-2,-2.544574719E-1,2.571398775E-1,-8.171689074E1
8.008333333E0,3.485901342E-2,-2.555027291E-1,2.578697256E-1,-8.223093022E1
8.016666667E0,3.278096711E-2,-2.565324429E-1,2.586184178E-1,-8.271793087E1
8.025000000E0,3.048076382E-2,-2.578828620E-1,2.596779688E-1,-8.325913354E1
8.033333333E0,2.762766959E-2,-2.589048071E-1,2.603747055E-1,-8.390903062E1
8.041666667E0,2.461970340E-2,-2.607877677E-1,2.619473030E-1,-8.460696801E1
8.050000000E0,2.222373545E-2,-2.618131784E-1,2.627547046E-1,-8.514813891E1
8.058333333E0,1.689632961E-2,-2.639159040E-1,2.644562163E-1,-8.633682947E1
8.066666667E0,1.331549164E-2,-2.655997404E-1,2.659333082E-1,-8.712995479E1
8.075000000E0,9.233750018E-3,-2.669393784E-1,2.670990338E-1,-8.801886089E1
8.083333333E0,5.013653283E-3,-2.689105945E-1,2.689573285E-1,-8.893188331E1
8.091666667E0,-4.111470811E-4,-2.707820956E-1,2.707824078E-1,-9.008699606E1
8.100000000E0,-6.334195927E-3,-2.731017641E-1,2.731752105E-1,-9.132865358E1
8.108333333E0,-1.012091089E-2,-2.740727868E-1,2.742595947E-1,-9.211484734E1
8.116666667E0,-1.482871764E-2,-2.753596089E-1,2.757585993E-1,-9.308252560E1
8.125000000E0,-1.986387103E-2,-2.763632772E-1,2.770762248E-1,-9.411111833E1
8.133333333E0,-2.504670236E-2,-2.788254878E-1,2.799481915E-1,-9.513306341E1
8.141666667E0,-3.009247623E-2,-2.799860795E-1,2.815985828E-1,-9.613451401E1
8.150000000E0,-3.580518091E-2,-2.808333019E-1,2.831066132E-1,-9.726579462E1
8.158333333E0,-4.369923162E-2,-2.810024738E-1,2.843800505E-1,-9.883937296E1
8.166666667E0,-4.979883894E-2,-2.816104212E-1,2.859796386E-1,-1.000282785E2
8.175000000E0,-5.662526506E-2,-2.830472408E-1,2.886557832E-1,-1.013130110E2
8.183333333E0,-6.113422936E-2,-2.829201624E-1,2.894498442E-1,-1.021931751E2
8.191666667E0,-6.755633928E-2,-2.836927888E-1,2.916255431E-1,-1.033944926E2
8.200000000E0,-7.372937350E-2,-2.843422795E-1,2.937457276E-1,-1.045365329E2
8.208333333E0,-7.997135814E-2,-2.845753398E-1,2.955986166E-1,-1.056964243E2
8.216666667E0,-8.642791793E-2,-2.848518685E-1,2.976749435E-1,-1.068785085E2
8.225000000E0,-9.271900976E-2,-2.842808064E-1,2.990190490E-1,-1.080638871E2
8.233333333E0,-9.883129460E-2,-2.848118922E-1,3.014721193E-1,-1.091370557E2
8.241666667E0,-1.055333872E-1,-2.848095641E-1,3.037330796E-1,-1.103316921E2
8.250000000E0,-1.117855288E-1,-2.839370070E-1,3.051495180E-1,-1.114894775E2
8.258333333E0,-1.179280273E-1,-2.829184583E-1,3.065124364E-1,-1.126276877E2
8.266666667E0,-1.243819596E-1,-2.823370801E-1,3.085208237E-1,-1.137756116E2
8.275000000E0,-1.302336809E-1,-2.814253077E-1,3.100983964E-1,-1.148330309E2
8.283333333E0,-1.359188251E-1,-2.807081546E-1,3.118829830E-1,-1.158362552E2
8.291666667E0,-1.412696221E-1,-2.797056110E-1,3.133565620E-1,-1.167967606E2
8.300000000E0,-1.465840786E-1,-2.800321629E-1,3.160773709E-1,-1.176300085E2
8.308333333E0,-1.519146817E-1,-2.785175089E-1,3.172539570E-1,-1.186098319E2
8.316666667E0,-1.569155055E-1,-2.770026781E-1,3.183597958E-1,-1.195305339E2
8.325000000E0,-1.612596231E-1,-2.759024983E-1,3.195729253E-1,-1.203054520E2
8.333333333E0,-1.662131246E-1,-2.752028167E-1,3.215017778E-1,-1.211305458E2
8.341666667E0,-1.707256293E-1,-2.731527280E-1,3.221174526E-1,-1.220061637E2
8.350000000E0,-1.745460137E-1,-2.718093317E-1,3.230272801E-1,-1.227070934E2
8.358333333E0,-1.781987702E-1,-2.697599776E-1,3.233036456E-1,-1.234480603E2
8.366666667E0,-1.822191421E-1,-2.685508373E-1,3.245356190E-1,-1.241579732E2
8.375000000E0,-1.860388681E-1,-2.680991058E-1,3.263243647E-1,-1.247574874E2
8.383333333E0,-1.894997940E-1,-2.663708382E-1,3.268999776E-1,-1.254285581E2
8.391666667E0,-1.918777244E-1,-2.655253556E-1,3.275984976E-1,-1.258531659E2
8.400000000E0,-1.950483120E-1,-2.649926639E-1,3.290364051E-1,-1.263549912E2
8.408333333E0,-1.971002527E-1,-2.637478484E-1,3.292589211E-1,-1.267709692E2
8.416666667E0,-1.999897495E-1,-2.633827087E-1,3.307058378E-1,-1.272098522E2
8.425000000E0,-2.034998760E-1,-2.594711482E-1,3.297536600E-1,-1.281066326E2
8.433333333E0,-2.050450900E-1,-2.588133642E-1,3.301936499E-1,-1.283880528E2
8.441666667E0,-2.071457657E-1,-2.582293608E-1,3.310464787E-1,-1.287357993E2
8.450000000E0,-2.081005954E-1,-2.581561550E-1,3.315877836E-1,-1.288724110E2
8.458333333E0,-2.081929027E-1,-2.582104385E-1,3.316879788E-1,-1.288789402E2
8.466666667E0,-2.089134143E-1,-2.577122908E-1,3.317535825E-1,-1.290298119E2
8.475000000E0,-2.094357908E-1,-2.588361878E-1,3.329557366E-1,-1.289778510E2
8.483333333E0,-2.092038294E-1,-2.582796319E-1,3.323772111E-1,-1.290071146E2
8.491666667E0,-2.080453767E-1,-2.588921426E-1,3.321265124E-1,-1.287853119E2
8.500000000E0,-2.079557768E-1,-2.585284451E-1,3.317869227E-1,-1.288125929E2
8.508333333E0,-2.074240959E-1,-2.584524116E-1,3.313946358E-1,-1.287492052E2
8.516666667E0,-2.062071951E-1,-2.590214215E-1,3.310793018E-1,-1.285233293E2
8.525000000E0,-2.050817712E-1,-2.599434559E-1,3.311029041E-1,-1.282715902E2
8.533333333E0,-2.030167907E-1,-2.607381891E-1,3.304545665E-1,-1.279051509E2
8.541666667E0,-2.012169609E-1,-2.619141901E-1,3.302836786E-1,-1.275334617E2
8.550000000E0,-1.985296065E-1,-2.621641350E-1,3.288526088E-1,-1.271356340E2
8.558333333E0,-1.952525109E-1,-2.642320448E-1,3.285454558E-1,-1.264623015E2
8.566666667E0,-1.941153904E-1,-2.663988487E-1,3.296196768E-1,-1.260794958E2
8.575000000E0,-1.911398132E-1,-2.666135164E-1,3.280505987E-1,-1.256373894E2
8.583333333E0,-1.873975506E-1,-2.675390229E-1,3.266419610E-1,-1.250092979E2
8.591666667E0,-1.844440010E-1,-2.690162756E-1,3.261737973E-1,-1.244354686E2
8.600000000E0,-1.800050040E-1,-2.707220376E-1,3.251034037E-1,-1.236202152E2
8.608333333E0,-1.751101867E-1,-2.713922747E-1,3.229819565E-1,-1.228312841E2
8.616666667E0,-1.722234998E-1,-2.732608844E-1,3.230053325E-1,-1.222213048E2
8.625000000E0,-1.678858091E-1,-2.749658566E-1,3.221674521E-1,-1.214069727E2
8.633333333E0,-1.626670485E-1,-2.767254306E-1,3.209945991E-1,-1.204482188E2
8.641666667E0,-1.574122921E-1,-2.773500130E-1,3.189069761E-1,-1.195774355E2
8.650000000E0,-1.515274362E-1,-2.799944932E-1,3.183668955E-1,-1.184213682E2
8.658333333E0,-1.454056081E-1,-2.807323925E-1,3.161541824E-1,-1.173819406E2
8.666666667E0,-1.408016305E-1,-2.817206193E-1,3.149469899E-1,-1.165555031E2
8.675000000E0,-1.348631525E-1,-2.831654987E-1,3.136411477E-1,-1.154670460E2
8.683333333E0,-1.293004492E-1,-2.841484628E-1,3.121841685E-1,-1.144676899E2
8.691666667E0,-1.230417419E-1,-2.846276283E-1,3.100841128E-1,-1.133783565E2
8.700000000E0,-1.176237731E-1,-2.863474975E-1,3.095645996E-1,-1.123315267E2
8.708333333E0,-1.104479386E-1,-2.865662421E-1,3.071139173E-1,-1.110775869E2
8.716666667E0,-1.046283230E-1,-2.866787663E-1,3.051750334E-1,-1.100504196E2
8.725000000E0,-9.823779072E-2,-2.870077531E-1,3.033547657E-1,-1.088951885E2
8.733333333E0,-9.183821929E-2,-2.875992123E-1,3.019065509E-1,-1.077096911E2
8.741666667E0,-8.476869474E-2,-2.887217088E-1,3.009085521E-1,-1.063622391E2
8.750000000E0,-7.960819038E-2,-2.883540358E-1,2.991412942E-1,-1.054336549E2
8.758333333E0,-7.239401304E-2,-2.883388638E-1,2.972880648E-1,-1.040940739E2
8.766666667E0,-6.644654541E-2,-2.877865646E-1,2.953578341E-1,-1.030010929E2
8.775000000E0,-6.056859776E-2,-2.873289973E-1,2.936435045E-1,-1.019036049E2
8.783333333E0,-5.434654783E-2,-2.867090067E-1,2.918143275E-1,-1.007332453E2
